1.69819 -0.739099 1.32905 -0.0510897 1.40125 
-0.0964195 -1.53149 -0.126998 0.0134508 
-0.698297 2.36503 -1.67461 -0.0831989 
-2.45367 -1.80314 -2.36011 1.30457 
-1.25125 0.985526 -0.649629 3.50353 
-2.09919 1.98107 -0.772144 -0.229111 
-0.849387 -0.310141 3.13533 -0.412841 
3.39466 0.00817033 -0.717705 2.6189 
0.161063 2.59198 2.06848 -0.231725 
-0.338667 -0.499399 -0.201209 -1.9725 
0.0210156 0.0375089 -0.12113 -2.24675 
2.96536 -0.565041 -0.420364 -2.00637 
-2.02373 -3.41659 2.27524 0.82989 
0.503812 0.414652 -1.85698 -1.01846 
-1.33948 -4.38623 -2.06801 -2.11358 
-0.4044 3.06069 -0.797092 -3.80218 
-0.507621 3.02771 -1.50621 0.43589 
-0.626467 -1.21643 -0.657598 -0.511748 
-0.216434 1.4503 0.773764 -0.0528962 
2.03838 0.610759 -0.949551 1.58517 
2.36389 1.66378 -1.5209 0.472415 
-1.2795 -1.04858 -2.20751 1.67698 
0.515234 -2.52482 2.2851 0.374692 
-0.303208 -0.564262 0.625966 -0.764201 
2.56248 -0.0707225 0.139453 1.89265 
1.56511 -2.38907 0.52205 -0.528824 
-1.04045 3.14638 0.0577909 -0.15771 
-0.805192 1.42509 -2.8426 -3.39214 
0.778524 -3.28183 -1.74019 -1.06491 
-0.19712 -1.01313 1.4595 -3.76467 
-0.316123 -1.25105 -0.528516 1.37627 
-2.65517 2.14361 -0.613518 1.90022 
0.632995 -0.0329021 -1.54413 -2.42206 
2.39741 -1.76726 -0.392295 -2.97154 
-2.10085 0.333019 -0.739398 1.91814 
-0.54151 -0.833812 -4.24036 -0.452874 
3.8069 -0.53804 -0.262502 1.55701 
-0.430322 -1.41088 -0.542434 1.38632 
-1.12284 0.0872909 1.09297 -0.696035 
-0.611615 -1.26352 1.37007 -0.560806 
1.36154 0.405628 1.39661 1.59632 
2.2273 -3.84548 -1.20155 -0.466564 
3.14754 2.29507 -0.84141 -2.45126 
-3.32973 3.43706 1.02265 -0.136305 
-3.12019 0.0198955 -2.34934 -1.27105 
-0.619397 -3.74532 2.31932 -1.02288 
-4.13754 -0.792625 0.519948 -0.401862 
-1.179 -0.620541 -1.4311 -2.78586 
1.72999 -1.29519 -0.844954 -1.14639 
3.78202 0.884783 0.094537 -1.11675 
-2.62144 -3.01401 -0.418566 0.804782 
1.69981 -0.0578699 -4.08132 1.01508 
1.77916 -0.133149 -1.82512 0.127649 
0.557309 -1.97827 -1.18158 0.107483 
0.377118 -2.11605 0.255646 0.522237 
-0.888346 1.67842 2.06701 0.624091 
-1.81343 -0.362585 0.0305257 -2.72161 
-0.599263 0.390156 0.346046 3.27244 
0.16032 0.677482 2.29418 1.3179 
-1.42753 -0.333958 0.504352 -1.96191 
1.3102 -0.25618 1.43069 -2.14891 
3.61524 1.85429 0.325486 1.47877 
1.69805 1.32877 -1.7228 2.80823 
3.67326 0.928624 2.01652 -1.43316 
0.00987155 0.40413 -1.5812 1.73603 
-1.70017 0.991732 -0.0589991 2.11915 
1.92831 -3.54571 -0.787868 -1.86254 
0.727196 -0.611479 -1.07312 1.00385 
-0.651642 0.676378 0.368877 2.24009 
2.16609 0.930457 0.000117197 2.21385 
0.660869 0.121738 -0.513814 -0.130643 
1.25342 -0.653967 2.0814 -1.28855 
-2.45009 0.0655173 0.371019 0.488786 
-1.31124 0.311108 1.43538 1.71172 
-0.0848941 -3.04567 0.110891 0.529385 
1.1216 0.474781 -2.60826 -0.657814 
0.0620464 -0.646788 -4.12938 3.97128 
1.11714 -2.11213 1.46238 -0.425686 
2.95733 -2.50985 0.715129 -1.90517 
3.87817 1.65154 2.49946 1.02624 
2.32174 -2.60506 2.54212 -1.19597 
-4.05504 0.673876 0.522367 -0.603803 
1.34994 3.0031 1.22607 1.75153 
-2.39319 0.496155 -1.69472 -3.75242 
-0.535442 0.721947 -2.83013 1.86244 
-2.439 0.169905 2.06388 4.60303 
1.07216 -0.585383 -2.18455 3.12606 
-0.651519 0.796614 2.41855 1.74598 
0.877031 -0.495437 -1.42119 -0.473042 
-0.802423 -1.96813 0.73771 -0.0960794 
0.0674964 0.571231 0.906028 0.107293 
4.03022 -2.77329 -0.573813 -2.49164 
1.61302 -0.0182341 -0.0661421 0.940131 
-1.97411 -2.47173 3.57369 -1.78104 
0.106185 2.11656 -4.47507 2.23524 
0.478945 1.25496 0.474941 -5.00319 
0.131597 -1.72355 0.596859 1.1332 
-1.05366 -0.161201 1.73296 1.5795 
-0.708605 -2.80888 0.0110106 0.0306556 
-0.134398 -1.33562 -0.288942 1.5669 
0.0607861 0.605468 1.47604 -0.0737445 
-2.98995 0.172791 0.170333 0.790024 
-1.16583 -1.30466 -0.0633081 -0.0803967 
-1.49437 0.849743 -2.86018 -1.51085 
2.41806 0.79876 -0.137273 2.90727 
0.466151 -1.31004 -0.317692 -0.799097 
1.79624 1.46225 -2.29597 1.75219 
-1.33233 0.607292 -0.136202 -1.05477 
-0.534461 -1.06506 0.563227 -1.80293 
-2.12597 2.12785 2.05961 2.10161 
-0.773369 0.0979449 -2.02069 1.24009 
-0.511082 2.11046 -0.813798 -0.460757 
-0.42757 0.13171 3.10436 4.08746 
0.868853 2.19557 3.57285 -1.22915 
1.80581 1.41431 0.0940586 -2.05493 
-6.45412 -1.61169 -0.420092 0.183594 
-0.64572 1.52575 0.273743 0.653351 
3.36486 -0.57728 0.267087 -0.705256 
-3.10561 0.463829 -2.19543 -0.564293 
-0.562834 -0.606629 2.85057 -0.875879 
1.4339 1.64879 3.12805 2.13774 
1.88005 -0.349197 -1.85244 -0.0663808 
-0.559653 -0.345133 1.37454 -2.48996 
1.24872 0.624588 -0.669327 0.771989 
-0.742399 -2.73778 3.43643 -0.744486 
-0.323384 -0.97023 -0.160514 1.15433 
-0.327049 0.948068 -0.633629 -2.55649 
-4.50957 -0.912128 -1.26244 -0.905415 
-0.194039 -0.819969 3.01141 1.04952 
-0.168375 0.816421 0.0806181 0.26997 
-0.993585 -1.4416 0.655957 -3.64065 
1.6928 -1.30309 2.1545 -0.950681 
2.07459 0.340381 3.84368 -1.34495 
1.41097 1.05401 -0.401382 4.39246 
2.2998 -0.0172222 -0.385932 2.31272 
-0.0452979 -1.86441 -1.61211 -0.99259 
1.02286 2.02713 -1.04946 -3.00924 
0.670139 -0.962658 0.687337 1.26714 
-0.345588 2.91696 -2.74664 0.172882 
-2.4528 -3.6998 0.881683 0.80372 
2.03218 -1.47626 1.76289 -1.17222 
-1.36359 0.12717 -1.8389 -2.65973 
0.342058 -3.91599 -3.13303 -2.16409 
2.87147 -2.16027 1.47975 0.376904 
1.8292 3.15753 3.24076 -0.565481 
0.702121 -1.65178 -1.00136 1.57044 
0.2772 -0.147206 -1.31421 0.633873 
-2.31112 -2.25372 0.313291 2.63374 
-0.841381 0.272321 0.746568 1.22744 
0.445172 2.93633 -0.104718 0.573955 
-0.250732 -1.28691 -1.61713 0.359729 
1.60784 0.361748 0.0107471 0.231417 
2.20186 -1.45827 -3.10723 0.186884 
-0.484665 1.44418 -1.69731 -0.0600546 
1.71256 -1.102 0.189516 1.49304 
5.06028 -0.975522 -2.94033 -0.543657 
-0.25463 -1.77151 0.294983 -0.171599 
0.741949 -1.52175 -2.52163 2.13447 
-1.94337 -0.0244014 -0.114575 -0.444341 
1.57964 2.36571 -1.71647 -0.083422 
-2.01648 1.24004 -0.0784138 3.1502 
-0.265097 1.82547 -0.0621057 -0.129323 
5.77112 2.5934 -0.218557 -1.58366 
-0.0612876 0.725311 -2.30743 2.93212 
-0.722041 1.41559 -3.56866 0.427549 
-0.293354 3.62615 0.333367 3.06954 
-0.127523 -0.922004 -0.710401 2.04933 
1.13922 0.923561 3.6339 1.77989 
-2.08249 0.664286 1.4498 1.11932 
1.79153 -0.746075 1.12736 2.02432 
1.39304 3.93049 0.831518 2.24441 
-0.22765 0.144575 -0.74935 1.51626 
-0.270493 1.26474 -0.258092 0.786917 
1.54084 -2.67451 0.900518 2.4085 
-0.569311 2.72739 -2.16772 1.91759 
3.93314 4.06499 1.31777 1.73191 
2.04947 -0.783734 2.32953 2.70812 
0.664686 0.211632 0.493625 -1.33553 
0.658887 0.629271 -0.761626 4.36073 
2.33095 -1.54432 1.51138 -0.623012 
1.46978 -0.198595 -2.61924 -0.606899 
-0.594052 1.73469 3.46459 -0.525335 
-0.0284799 -0.125103 2.38335 0.312005 
-1.7138 0.658626 -1.38838 2.58888 
-3.59927 -3.36547 0.357785 0.338694 
3.90643 -0.259527 1.02258 -0.904767 
-1.3722 1.03279 0.123435 0.148351 
-0.504162 -3.30629 0.563502 -0.0719674 
-1.56951 -0.197344 -1.14616 2.21575 
1.97027 -0.123861 -1.42309 -0.193821 
0.157486 1.68334 -0.775538 2.55 
1.33992 1.16771 -0.181601 -3.91874 
2.07082 0.661171 -2.57703 0.940321 
0.117664 -2.08205 -1.2831 0.0630944 
1.93647 -1.05736 -2.42307 -1.22119 
-1.56704 -1.32038 -1.95927 2.11436 
1.19269 -0.651511 -1.56102 2.41155 
0.951064 1.44196 -0.466927 -0.637974 
-1.07131 -0.509744 0.881043 0.0584052 
1.53555 -1.23418 0.894838 -0.600696 
0.279173 0.132151 -1.77625 0.461334 
-1.21711 -2.82622 2.1314 -1.35655 
-3.17988 -0.665429 2.04929 -1.3597 
-2.87349 2.45064 0.0595843 -2.53736 
1.86027 -0.75251 -0.336647 -1.47216 
1.14864 -0.286239 2.5595 -1.27271 
2.35588 -1.0614 -0.212592 -1.61294 
1.5184 0.460567 1.80514 1.09536 
3.09976 1.68721 2.84248 -1.4891 
1.01299 -1.98475 0.437061 0.326653 
-0.0540263 -1.67629 0.241057 1.92668 
2.99051 4.85074 0.449571 -2.51333 
0.0673358 -1.57121 -1.33127 3.78409 
1.27095 -0.0910472 0.615051 0.618172 
-2.26783 0.636724 1.57928 -1.96433 
0.0860616 0.79774 -0.528985 -2.40693 
3.08214 1.51788 -0.418198 0.0461727 
-0.279802 -1.17659 -1.68105 3.01075 
0.742987 -0.297699 -1.91802 4.27071 
1.58354 -3.43435 -0.359967 0.699557 
1.49999 1.87934 5.04662 -1.44207 
2.40039 -0.874367 0.269767 -3.77474 
-0.958709 -0.714043 -0.200001 -1.36176 
-3.90227 -1.89112 0.951526 2.18577 
-0.782879 0.961941 1.51696 0.131705 
1.16834 -0.479453 -3.30909 2.31547 
-2.76491 -0.0380302 -0.296071 0.971973 
1.11669 -0.51985 -0.421046 -0.99018 
0.665649 3.12182 -1.36602 -0.908443 
2.795 -1.42159 -0.571137 -1.2445 
-0.952323 -2.1768 2.41075 -1.21978 
0.896764 -1.12312 1.32498 1.12462 
2.83437 -1.75136 1.37238 0.652197 
-2.41093 1.58987 0.191252 2.04624 
1.08815 -0.145649 -0.968708 -0.340093 
-1.48806 0.440697 -2.48937 1.71646 
-1.80833 -1.91672 -1.4821 -1.99884 
1.29634 -0.686394 -0.715664 -1.45746 
-1.06329 -1.07196 -1.67062 -0.604286 
0.463357 2.36015 0.575751 1.01019 
-1.21622 0.340806 1.41106 0.123957 
3.20597 1.23978 -1.10728 0.573261 
0.752138 2.80107 0.647476 -2.34158 
-0.0634217 1.86006 -1.01478 -0.258488 
-0.994997 -3.19011 2.1775 -0.799487 
-3.08894 2.59945 -3.05298 -4.41266 
-2.2065 0.305886 1.98619 -1.51156 
0.166447 2.50824 -2.67892 1.11772 
2.18182 0.112713 -0.879511 -1.40922 
1.9506 -1.5211 1.40971 2.05037 
-0.60045 3.14662 -1.53963 1.48886 
1.53609 0.252411 2.91982 -0.893587 
-1.99854 -0.499748 2.01646 -0.78462 
1.12278 -0.319666 0.827397 -0.860888 
2.08651 -0.446576 -1.74768 0.15472 
-0.622428 -1.43533 0.508015 0.657298 
-0.296396 0.819594 1.91915 1.16201 
-1.51306 -1.00891 -1.15175 -0.895897 
0.318101 1.61972 -2.44527 -1.45792 
-0.0300151 -2.27782 -0.892368 -0.86129 
-1.76939 0.576782 -0.886975 -0.118863 
1.51907 2.12594 0.96221 -0.254204 
-0.30216 -0.145849 2.76129 1.16476 
1.66903 0.144643 2.4161 0.410462 
-1.33017 -2.72946 1.20875 0.205458 
-0.303453 -1.9006 3.4463 -2.62378 
-1.1894 -0.342211 1.29049 0.045734 
0.384997 -1.68598 0.33222 6.10187 
-1.5574 0.319023 0.313481 0.596622 
0.328169 -3.19942 1.10381 -0.685186 
0.0754977 0.729346 -1.66965 -1.40236 
0.748863 -0.418701 -0.438298 2.31402 
-2.23909 -3.73187 1.86588 3.66896 
1.47798 0.353611 1.66909 0.893982 
2.14798 -0.95785 -0.114904 1.62219 
-0.601183 0.938766 -1.19559 1.16634 
0.161513 3.8752 1.91581 0.782998 
0.151281 1.60256 -1.67615 0.0217352 
-0.568871 1.71783 -0.39458 2.21204 
-3.21945 0.719554 1.45706 0.524796 
-0.334303 -1.0504 0.460779 -0.540035 
0.675178 -0.237485 -1.23085 -0.364969 
-0.110796 -0.907576 1.0508 1.17466 
-0.142977 -3.40732 1.16794 2.69613 
-0.172406 0.701135 -0.509867 0.513294 
1.47337 -0.0894605 -0.856788 0.292131 
-2.86385 0.380997 -0.203346 -0.909187 
-0.43452 -3.35495 -2.60175 -3.55146 
2.91987 -2.71422 -0.790066 -3.52685 
3.47363 1.01681 -1.8215 -0.135749 
-1.30181 1.87513 -2.53774 -0.402235 
0.54559 -1.26411 2.54821 1.26331 
2.16421 0.876198 2.49087 0.453569 
-1.49171 -0.29284 1.62894 -0.136316 
0.955639 2.48567 -0.840889 -1.10794 
-2.16848 0.837168 -0.351229 -0.449086 
2.55521 -1.09854 3.17083 0.28187 
-1.90786 -0.839773 0.817979 0.566 
-0.474786 -0.407993 -1.47661 -1.82812 
1.5289 -0.963521 -2.90799 -0.731012 
2.77295 -1.10897 0.50247 -0.801227 
2.81413 -3.39966 1.50226 0.631215 
0.862025 -0.811794 5.68189 -2.43937 
-0.854307 -0.293048 -0.938811 -2.91983 
-0.291047 -2.13826 1.25064 0.135528 
1.01826 1.241 -2.85514 -1.62318 
1.24055 0.202701 3.51262 -0.928692 
2.45103 -0.625115 0.486003 -2.16229 
-4.0285 -1.62586 -1.18087 2.18481 
-3.31479 0.642904 -1.4909 -4.16581 
0.430786 -1.45075 -0.389334 -1.64835 
1.28734 1.19293 0.574238 -0.516493 
-3.15583 1.04794 1.14973 0.5473 
0.0998044 -0.447287 1.92933 -1.45335 
-0.336541 -0.798098 1.35086 -1.53109 
-2.42809 1.78845 0.354074 -0.154047 
0.345339 -2.8404 1.07359 -1.58366 
0.858139 0.924313 1.68232 -0.96001 
1.73562 -2.14652 1.65151 1.22827 
-0.0487047 -0.763058 0.0172906 -1.33553 
0.457125 1.62376 1.89755 -2.17416 
3.17914 -0.763127 0.692021 -2.16533 
0.0858241 -1.75351 0.543796 0.923227 
2.70406 2.53102 -0.203601 -3.30771 
-1.10816 -0.989659 1.49995 -1.58352 
-1.57796 -0.917848 -0.342457 1.28406 
2.00471 -0.78523 -2.34675 1.14454 
1.32104 3.0987 -1.70725 1.72253 
-1.21546 0.0987717 -1.30354 -0.27031 
1.8594 2.08702 1.72755 -0.516527 
0.448199 -0.367523 0.384062 -0.536129 
0.85157 2.48455 1.62962 1.75056 
1.76436 0.214019 -1.5954 -1.06104 
0.464126 0.772242 -0.585749 0.190448 
-1.47404 -1.85252 -1.70914 -1.38513 
-3.3518 0.101772 0.215102 -0.0545189 
0.688665 -1.04496 1.62681 2.21467 
-1.34749 1.41747 2.07058 -0.033737 
0.0207498 1.40442 1.9695 -0.164637 
-0.379782 0.763633 -1.24073 -1.35373 
1.3682 -0.636926 -0.522393 -1.98208 
-1.96562 1.15083 1.01331 -0.903056 
4.18005 -0.622346 -0.639241 1.22382 
-1.1707 0.310926 0.0875555 -1.71647 
-0.0273423 2.0275 -0.684625 -0.407579 
0.140912 -0.594445 1.22606 0.254689 
0.483185 -1.19932 1.64583 -0.412143 
2.18592 -0.765213 0.483071 -0.795219 
0.335273 0.318424 3.0058e-05 -0.29211 
0.251077 1.64438 -0.54563 -1.43717 
1.12682 -2.22683 -1.42692 -0.732016 
-1.60987 0.618551 1.07432 3.06475 
1.18864 1.74226 1.24249 2.63634 
2.53529 -1.41053 2.93656 1.21502 
-2.01961 -0.241043 2.08238 1.04426 
1.26389 2.69555 -0.504029 3.95287 
1.60925 -1.31254 -0.33963 0.994519 
-1.30162 1.87412 4.18356 0.603597 
-1.38821 -0.529253 2.02871 -1.16004 
-0.115174 -0.675911 -0.18035 2.00765 
0.72892 2.35151 -0.325027 1.50394 
-1.39529 -0.894534 2.80069 1.57818 
-2.49385 -2.29154 -1.71823 2.8432 
1.56205 -1.32192 -2.26849 1.30655 
-0.862033 -2.16855 -2.57837 1.16337 
-1.10224 -1.99179 0.378156 1.33859 
-2.03728 -0.418611 -0.383816 -0.148783 
-1.32769 0.947897 0.667349 -1.24715 
2.12229 -2.13317 0.129613 -0.742502 
0.137347 -3.0261 2.69811 1.57385 
-2.58939 0.502603 0.156892 -1.96725 
0.463586 -0.0705802 2.31031 -2.23227 
1.28288 0.494594 -0.284828 -0.257133 
3.62911 1.05391 -0.63194 -1.79232 
0.581723 0.363606 2.25017 1.31544 
0.881748 -0.985864 4.40274 0.631911 
-0.482584 3.96501 -0.152122 0.24015 
0.417688 0.580075 -2.42333 -0.612556 
0.0930655 -0.852179 -2.8784 -1.09582 
0.0916221 0.366934 -0.0787596 1.07605 
0.924667 0.336093 4.24413 2.49158 
0.569461 -2.25315 1.31152 2.42607 
-0.00766332 1.83854 1.15628 -0.928512 
-0.0510297 2.53202 1.96949 -0.305903 
-0.0405206 -2.77922 -2.47915 -0.279887 
0.354603 -2.07655 0.971567 -2.24599 
1.28481 0.762752 -2.62753 2.25405 
3.39615 0.441926 0.67071 -0.428301 
-1.72376 -0.929098 2.42278 1.71487 
-0.704087 -2.29051 -0.228927 0.322687 
1.10645 2.69081 -2.65504 0.297285 
-1.32966 -0.813531 -1.09705 0.80256 
0.703787 0.183664 1.77564 1.96622 
-2.7194 -0.955379 0.104252 -1.40452 
-3.31036 0.111786 0.471107 -0.221026 
0.291416 -1.28047 2.05732 0.187341 
0.103269 0.597122 0.646655 1.73498 
0.519369 -2.6706 0.377187 -1.43351 
2.50729 -0.223838 1.83579 1.02496 
0.418456 -0.0414599 -0.633857 1.58417 
1.77465 1.01559 0.0573534 -0.337472 
2.64583 0.744886 0.714558 2.08119 
-1.8231 -0.0104904 2.1804 0.216738 
0.585936 3.06415 -3.19276 -0.594334 
-0.0890372 0.532803 -1.39985 1.72459 
0.402787 -0.649313 2.4919 1.64822 
0.256141 2.69058 -2.18668 0.322352 
-1.48089 -1.82822 2.73058 1.93097 
0.372655 -0.187237 0.250875 2.44611 
-0.557411 -1.49397 -2.60649 0.0724405 
1.87562 0.768305 0.443256 0.872844 
1.06158 -1.41121 0.529853 0.197346 
-3.11548 -1.30198 1.58062 1.13136 
-0.65951 0.89227 -1.07592 2.46224 
0.405397 -1.40767 2.12457 -1.0782 
1.03777 -0.0528238 -2.18425 -0.603957 
-4.07475 -1.53662 0.869819 3.34814 
-2.16046 -2.02655 -0.163593 0.945499 
1.39486 -1.82263 0.670163 0.930112 
-1.22501 -0.509597 1.35798 -0.35372 
-1.9806 -0.0419377 0.120237 1.42578 
2.06129 1.03765 0.374251 -0.705783 
0.12586 0.168459 -2.52852 0.612567 
1.5136 0.68445 -0.830186 1.09265 
2.15359 -0.525429 -0.615215 -0.449732 
2.68895 -3.22777 -2.86151 1.49031 
1.37144 -1.31564 -1.78353 0.0498978 
-4.01658 -0.369491 -0.187083 -2.43403 
-2.09115 -1.7013 1.04977 -0.409399 
-0.097587 -0.383265 0.166876 2.05038 
-2.57431 -1.72672 0.707403 0.284772 
0.218974 -0.271682 2.42957 1.36961 
-1.21835 0.336846 -1.59055 -0.0529943 
0.499731 -2.16173 2.57924 -0.737797 
1.10228 1.88231 -0.743588 0.0145391 
1.35128 1.07405 0.357022 -0.791079 
2.7887 1.52775 0.175281 -1.43344 
-0.112939 0.646788 2.10054 -2.5545 
0.500707 -0.980657 1.20309 1.09945 
-3.01405 1.3457 0.506635 -0.115123 
0.840355 -2.37704 -3.3638 -0.211778 
-0.343914 1.98975 1.77327 0.477764 
0.32994 1.0231 1.6723 3.88942 
0.930719 2.75698 1.10369 0.608446 
0.00105614 1.08673 2.15867 -0.480374 
0.195034 -0.226847 -1.08939 -1.82204 
1.88523 -1.90092 0.0983843 0.606536 
-1.84447 1.58414 -2.36289 1.3055 
-1.8289 1.3136 -3.56062 -2.18639 
0.619154 -2.13384 -0.243838 -2.34829 
0.960375 -5.1387 -0.460133 4.03405 
-1.53399 1.89177 -0.26224 1.36499 
1.34899 -1.04907 -1.83471 1.31299 
-0.350086 -1.04675 0.00117122 -1.95712 
0.322727 1.0326 1.08091 3.25723 
-2.8699 -1.11097 1.97125 3.31082 
-4.60599 2.52664 -2.34927 -0.443014 
0.43249 0.282078 -0.791902 -1.57748 
0.00502366 -0.347754 3.31706 1.38627 
-0.756861 0.373276 -1.52599 0.333702 
-0.0901368 -1.25348 0.216453 0.39457 
0.131109 -0.604906 1.38067 -0.184875 
0.300719 -0.396986 0.334155 -2.76237 
1.14254 -2.44016 3.38706 1.87227 
-1.88209 -0.0231854 -3.01238 -1.96449 
-0.909345 0.268057 -1.28723 1.47561 
1.50412 -0.167827 -1.86682 0.152838 
0.299994 0.923303 -1.55353 3.81563 
-2.3592 -1.07619 3.95305 -0.600867 
1.92616 0.0297743 -3.28792 0.304049 
-1.47238 1.30253 0.229364 1.96656 
3.25757 -0.235164 -2.00535 -0.590618 
-0.123911 -0.838632 0.605267 -0.287888 
0.264634 -0.0898226 -0.606553 1.10525 
1.07876 0.272084 2.72523 -1.08074 
-0.640564 -1.73085 1.25863 -1.41315 
0.93421 1.44272 -2.32199 -0.281804 
1.23707 -3.05806 -0.303621 0.897627 
-0.509699 1.60044 -0.768847 0.85502 
0.0800388 -3.80655 -0.355791 0.831414 
-1.06201 0.975741 -1.01316 -1.07628 
-1.78122 2.82825 2.64421 -1.1584 
0.596529 -0.0207589 -2.36296 0.218152 
-0.798473 4.38499 -0.956688 -1.01988 
0.510174 0.618394 -0.0509027 3.06343 
1.75694 -1.05317 -2.95052 -0.823862 
0.0965559 -0.506785 -0.275971 0.614064 
1.01167 1.08854 -1.33794 1.65821 
-0.157597 1.24106 1.90075 5.41445 
-0.423535 0.368377 -0.651806 -2.51232 
-0.577808 -2.43862 2.19946 1.82776 
3.23793 -1.14956 -0.620241 -0.110328 
-0.677808 4.38766 0.0221073 -1.85504 
-0.69194 2.33149 -3.06354 -2.1662 
0.772327 -2.58126 -0.83581 -0.953761 
0.374447 2.65337 0.47801 -4.82502 
1.60802 -0.520571 -1.3853 -2.75723 
2.35831 -0.556752 2.26 -1.41943 
-0.759726 -2.96701 -1.68294 2.34339 
-3.89489 1.91625 -3.28573 -1.02839 
0.010367 0.331592 -0.757071 -2.25981 
1.8707 1.39448 1.1713 -3.41895 
-1.33552 0.700801 1.942 3.71231 
0.301839 -0.196734 -2.08186 -0.583919 
1.65512 0.157155 1.27324 1.72021 
-2.18858 0.150215 -0.163804 1.82548 
0.463432 -0.992927 0.0848954 1.60441 
-0.786461 -1.20737 2.77735 -1.45086 
-0.819124 -2.28203 0.1045 0.130844 
0.334427 0.654887 0.882676 -0.989457 
0.691218 0.634194 2.17938 -0.73908 
1.47674 1.81579 2.76801 0.585657 
-3.68879 -1.75369 -0.512128 -0.0209976 
1.43531 0.452699 0.140171 1.13289 
1.53864 0.763367 0.655385 -0.375206 
1.1324 0.734844 2.14974 -2.39995 
1.86204 1.73885 -2.16319 -3.26051 
2.18682 -0.920259 0.992666 1.23272 
-2.57854 -2.47464 -2.55916 0.568779 
2.71476 3.92717 -2.41993 2.86141 
-3.98294 0.414575 1.44241 -0.00944154 
0.124168 -0.552746 0.193933 0.261629 
0.742774 -0.21377 0.137284 0.387799 
-1.54497 -2.68687 -0.215751 -0.0556469 
-2.7728 2.64123 -0.392909 2.32974 
1.1499 0.0805117 2.4935 0.273219 
0.477353 -4.91177 -1.02823 -1.45028 
-4.19175 -1.90758 -1.73678 -1.04795 
1.15525 0.882531 1.32557 2.35708 
-1.85901 0.361573 1.29199 0.810465 
-0.714881 -1.35329 1.07581 3.73288 
0.113088 0.411369 -0.0730532 1.00778 
-0.256824 -3.04857 -2.81566 1.44072 
0.792458 0.414216 -1.7436 0.888634 
0.621616 0.10783 1.54472 -0.645871 
-0.0357313 -0.16968 3.38595 1.26869 
-1.38958 1.82485 3.26701 2.76247 
1.02436 0.953981 -1.68941 -1.56724 
0.0163661 -0.14749 -4.6772 2.62382 
1.20317 -0.416196 -0.234689 -0.358715 
0.384621 0.276728 1.30307 0.977029 
-1.13422 -1.94455 0.132616 0.925581 
0.76243 0.81691 -1.44509 -1.08155 
-1.44647 2.13815 -3.68542 -2.19109 
-2.6573 -1.35746 -1.61257 -1.46645 
2.67561 -0.89542 1.43752 -0.957491 
-1.13668 1.35077 0.0521759 -0.923674 
-0.578889 -1.53006 -1.44798 -2.16683 
-1.38719 1.02354 -3.89746 2.17688 
0.485773 -0.784957 -0.694818 -1.81735 
-0.200432 -1.81879 1.34122 1.87481 
0.138343 -0.133737 0.0818037 0.654859 
-0.0895873 1.13893 -0.52286 0.724514 
-1.86153 -1.18029 -1.30536 -0.89731 
-1.79895 -0.415776 -2.92651 1.6849 
1.66109 0.672846 1.02462 -1.75098 
-0.986231 0.0668238 -1.08911 -1.26032 
-2.13827 -0.941918 -1.35297 1.54874 
4.00745 -4.37532 1.09824 2.70459 
-2.17836 1.43156 1.82265 1.72873 
-1.40075 0.787728 3.87558 1.51622 
-2.11123 -3.51383 0.0158787 -2.49798 
-0.810384 -0.542197 0.621431 -0.339106 
-0.0239194 -2.55059 0.828197 -0.324978 
0.551758 -0.30623 -0.27476 2.51556 
-1.10227 1.4861 1.57631 -2.34859 
0.480709 0.950433 -0.0922337 1.94517 
-3.16454 2.00059 0.676337 3.75562 
-2.70282 0.894739 0.219442 0.788648 
1.01573 2.51609 2.3855 -4.19756 
0.79834 0.359296 -3.00293 1.27847 
-1.66755 1.50346 0.741643 1.36211 
1.13199 1.18985 2.02902 -0.0915924 
-2.66448 1.33304 2.11244 2.53152 
-1.20922 -2.84239 -0.424296 0.52977 
-0.525228 -1.13851 -0.764941 1.72692 
2.74328 -0.642424 2.60885 1.58843 
0.713063 1.57925 3.06077 -2.07282 
-2.68122 2.11854 -2.33846 0.64249 
2.4051 -0.108154 -0.545536 2.20649 
0.668417 -1.53949 0.0675141 1.39569 
1.21702 0.994174 -0.902756 -1.83438 
-2.50457 -1.4235 -1.33214 -1.18759 
5.07357 2.17999 -1.11431 1.13114 
-2.96948 0.366131 0.123682 -2.76226 
-1.17566 1.02855 0.531283 -2.51832 
0.861371 -0.980381 3.25141 -0.128803 
-0.85206 -2.58546 1.05613 0.149516 
0.859727 -0.186073 2.84262 -3.43426 
-0.341113 0.00528082 -2.04523 0.34256 
-1.33904 0.452742 3.47937 -2.72428 
1.1864 0.351024 1.23912 1.54203 
1.9178 0.497221 0.406035 0.867496 
-2.79971 -2.42178 -1.59495 -3.02832 
-2.74928 -1.85821 1.51506 2.17709 
-0.109895 -3.72383 -0.755316 -1.33066 
2.33198 -0.494666 1.66183 -1.2357 
1.44893 5.52809 0.367915 -1.50009 
-1.33167 2.9281 0.100239 -1.61081 
1.33167 3.86727 1.11128 -1.98819 
0.261396 1.01384 0.603995 2.54012 
-0.999976 -0.181158 -4.51257 2.00964 
-0.000373647 1.7361 1.85419 -0.535684 
-0.293502 -0.645563 -0.740161 1.5728 
0.516826 -0.168377 -0.990447 -1.33022 
0.934898 -0.601885 0.915224 2.30085 
-1.94639 0.0232554 1.48654 3.47375 
0.571041 -0.750969 -0.416822 1.15308 
-1.43582 -1.16969 0.170272 0.66402 
-0.107018 1.60303 2.28965 2.3675 
0.796364 -1.92539 0.168746 -1.39831 
-1.64711 1.15593 0.777676 -3.4621 
-1.86593 -1.65171 1.00167 -0.956066 
0.558582 -1.26558 -0.319095 -1.08012 
-1.4877 1.0214 -0.807207 -1.06852 
-0.252944 -0.518215 -0.286964 3.19414 
-0.546081 -2.24409 1.27565 -1.20395 
1.21205 2.28596 -0.503734 0.0586748 
0.989013 1.08448 0.875733 1.24285 
0.681282 2.16222 1.8516 0.129481 
0.972179 1.20816 1.44242 -1.83853 
1.80697 1.93787 -1.29806 0.719771 
2.11062 1.61345 2.70225 0.321808 
0.148814 1.63826 -0.378329 -1.6024 
3.29032 -1.02021 -1.68211 -1.98558 
-0.699826 -0.434454 -1.29838 1.36436 
-0.100214 1.7569 0.886178 -1.18904 
-1.11082 -0.127428 -0.409271 -3.32736 
-0.844303 -2.33956 -1.8005 -1.08637 
1.46606 -3.04738 1.47613 0.306535 
0.0859695 -0.0849539 1.52074 0.415427 
-1.19114 1.95093 1.79049 0.544006 
-2.35117 -1.46903 -0.704512 0.284651 
2.14969 -1.35209 0.129347 2.16977 
1.26033 -0.321573 -0.109289 1.16133 
-0.0120962 -1.04483 0.341876 0.821446 
2.56485 -2.27897 1.07425 -1.64375 
0.720168 1.30891 0.00470731 1.621 
-1.84311 -0.859086 0.344585 -0.723041 
-2.86506 -0.780555 -2.12961 2.29847 
0.433516 0.461265 -1.89272 1.21892 
-3.9184 -1.43075 -1.88984 0.685184 
0.0370656 1.90334 0.511175 3.08799 
1.91607 -3.61807 -0.347112 2.36757 
-0.0775686 1.58469 -0.925124 0.631096 
0.0206927 -0.581065 0.0231184 -1.23216 
-0.26002 -1.98838 -0.63176 -0.0541462 
-0.994461 2.48682 -2.63244 -1.7041 
-0.515894 1.21038 -2.2433 0.430905 
1.68992 -0.169823 -2.37484 -0.897316 
-0.195269 -1.13705 2.2409 -0.292225 
0.876438 0.824225 3.08023 2.04253 
-0.808966 0.473049 1.76575 1.53084 
1.97595 1.52619 1.99117 0.252784 
-0.612815 0.762084 -0.0736025 0.193662 
2.58305 -1.27869 -1.58867 1.66537 
1.12839 2.6864 -0.100861 1.14056 
0.777761 -0.761787 -1.85219 0.963695 
-2.64397 1.7729 -1.44416 1.2637 
0.3384 -2.49743 0.280662 0.348387 
-0.753814 -1.44373 0.889127 -2.22705 
2.75628 1.08359 2.31356 1.3848 
-0.2838 1.0279 1.9771 0.575037 
-4.24949 0.625281 -1.12383 -0.995151 
0.296774 -0.541862 0.844434 1.53135 
-0.704045 2.27382 -0.534377 1.70644 
-1.79405 -2.24751 1.43034 -2.59653 
-1.41694 0.329405 -0.967835 -3.36727 
-0.0913068 2.29584 0.223393 -0.933548 
-0.340294 0.915773 2.55468 0.809586 
1.07788 0.876553 0.455072 -1.73819 
3.16219 -1.50766 -2.07739 -0.717319 
0.582158 3.82208 -0.968929 3.16944 
-1.74633 -1.44739 -1.58319 -1.80942 
1.29567 -0.286363 1.81844 3.36123 
-0.55068 -0.502219 0.219222 -1.59326 
2.2423 0.597929 0.128259 -1.16851 
0.663235 0.662343 3.4866 1.6719 
-2.22701 0.852545 -0.221996 -0.416299 
0.741377 1.16454 -0.655043 0.408738 
-1.51356 2.40309 -0.793926 -1.25074 
3.80891 3.47517 -3.35646 0.45856 
-0.777658 2.32125 1.24312 2.57279 
1.95801 0.176255 1.1007 2.17365 
0.11551 -4.07422 -1.17893 -1.43927 
0.172328 -0.907688 -0.766617 -3.99433 
1.0598 -0.100069 -0.63013 -2.38606 
2.47149 -3.05043 -0.822028 -1.12624 
0.175559 -1.70638 1.99934 -0.29706 
2.25469 0.249861 -1.75041 3.32358 
-1.82051 -1.47694 -0.51773 -0.442466 
1.23088 1.12821 -1.83643 -1.31596 
1.17903 -0.841106 -1.34573 1.43996 
-0.998818 2.69048 -3.19934 1.23479 
-2.22717 0.0205454 0.197477 1.26336 
2.40031 -1.23792 -2.60527 2.45801 
0.162041 -1.27725 1.41981 -0.30011 
2.75832 0.508334 -1.52218 -2.42113 
-1.19414 -2.54956 -2.30751 -1.19102 
0.443076 -1.12585 -0.28968 0.313959 
0.168439 0.978083 -1.28094 1.00279 
-0.45047 -0.865559 -0.629386 1.67524 
-0.727812 -1.19888 -0.429774 0.147681 
-0.610805 -3.73198 -0.832597 1.60754 
2.01102 1.55994 -3.22499 3.32017 
1.14109 -2.09654 -2.73807 0.715437 
-1.13663 -0.0172806 -1.72915 0.565635 
0.149787 -0.128234 -1.54343 -0.876062 
0.951031 -0.73978 -0.381851 0.241873 
-0.353796 -0.537152 3.20098 2.18846 
-0.562568 -1.19154 -1.05343 -0.871003 
0.238475 -0.489021 -0.80952 -0.545008 
1.12818 -1.6293 0.477982 2.8855 
0.820633 0.472736 -0.713242 0.832451 
-1.11164 -1.4959 -0.329653 0.563781 
-0.556308 -0.555728 1.89237 0.954352 
0.362582 1.47768 3.82072 0.229249 
0.737098 -0.223473 0.192275 2.53736 
1.06727 -4.40224 0.941735 0.732875 
-0.0730835 0.0890791 -0.0860889 0.583552 
1.48013 -1.44108 -0.514443 1.54454 
3.36788 -0.209916 -2.43165 -1.78304 
1.99876 0.37936 -0.395772 1.12575 
2.67714 2.6837 -1.65086 -1.17433 
-1.58438 0.837494 -1.01995 -1.7937 
-0.0289496 1.72357 0.253202 0.677706 
-2.7955 -1.6546 2.15445 1.37722 
-0.0783543 -0.420561 -1.19112 -0.0284345 
0.215503 -0.296357 -1.88634 -3.65203 
-2.62636 0.499778 1.89637 1.63246 
0.695747 -2.58347 1.78947 -2.28959 
-1.02165 0.547884 -1.87404 -0.637259 
-5.34791 2.45878 -2.28867 1.12306 
-3.37067 0.453571 -1.6395 1.05808 
0.0682448 -0.348061 1.3517 -2.52687 
0.689358 1.27455 0.319345 -1.97593 
-0.851613 1.29056 2.37426 -0.106885 
1.63325 0.842756 -0.650837 0.180912 
-0.485686 -2.00429 1.16573 -3.75204 
0.0845008 0.380633 -0.361512 -0.91445 
3.08918 -3.41178 2.99941 -0.734686 
0.937232 -1.53346 0.213848 2.16115 
0.765995 -0.0993076 1.69949 -0.185632 
-1.23527 -2.31646 0.0187659 0.153766 
3.4027 0.741608 0.642274 0.689912 
2.24342 -0.194943 0.704599 1.56584 
-0.302895 1.70798 -1.6383 -1.32479 
-1.11881 0.335662 0.552495 0.400374 
-1.91284 -0.445291 0.148067 -3.07815 
1.02987 -1.68769 -1.80868 -0.947366 
-0.070924 -2.24364 1.66434 -1.17387 
0.563367 0.244166 -1.15769 -0.53416 
1.70073 0.735797 -1.52371 1.706 
0.038166 -0.920058 3.05066 1.72382 
0.0801255 1.80913 1.32168 1.28272 
-1.3284 0.806825 3.40001 -1.06794 
0.340579 -1.57547 0.324919 0.0373373 
-0.193047 -0.911647 -1.59203 1.85616 
-0.380243 1.39576 0.982981 0.429145 
2.26589 0.192812 -0.478308 0.716122 
-1.2368 0.0800557 1.07194 -1.27442 
-0.957711 1.24424 -2.66462 -0.567113 
-0.233215 1.76232 3.94656 -1.37765 
-0.83802 3.67615 -2.53957 -0.382704 
1.49806 2.93358 1.1761 -0.244681 
-1.31344 1.45001 1.461 0.113154 
-1.36231 0.885985 1.60974 2.06183 
-1.6185 1.72542 -2.52523 -1.85418 
-2.76185 0.519725 -2.7988 -0.74686 
-0.568506 0.299799 -0.34991 3.02267 
1.62766 0.688858 -2.22788 -3.01774 
-0.477982 0.647733 -0.800716 0.52647 
1.44013 1.65349 -0.284099 1.51207 
1.31028 2.44153 -1.32341 -0.0179892 
1.68685 -3.30072 2.46014 1.94413 
-2.38632 -0.200326 2.22472 -5.37888 
-1.18185 -0.0720857 0.471212 3.35705 
1.05744 -0.927109 0.625132 -1.45083 
-1.66389 0.159471 0.98865 -1.7579 
0.828862 0.659012 0.771311 -2.3084 
2.43502 1.93424 -0.701844 1.00249 
-2.09877 0.313077 -0.658761 2.3907 
0.825228 3.02039 2.43565 1.32192 
-2.1321 0.159543 1.91664 1.65476 
2.17003 0.19491 0.283729 -2.56749 
1.85015 1.12553 -0.800097 2.14037 
0.0973829 -1.64929 -0.40475 -0.869395 
-1.09028 1.51767 0.22887 -1.47388 
3.19838 -0.23096 -1.09118 2.54422 
-1.36657 -2.55562 1.907 1.36366 
0.953398 0.129931 0.7702 -1.81379 
1.15413 -0.00441836 1.26191 0.622222 
0.494853 1.0039 1.39739 -0.542308 
0.136577 -3.06234 3.41205 -1.46543 
2.75161 1.91689 -1.00202 0.507753 
0.783793 -2.82479 2.99036 -0.365747 
1.13579 0.378898 3.1432 -1.70896 
0.778207 -0.600874 -0.744068 -0.672173 
-1.46735 0.104459 -2.42486 3.10656 
0.022581 0.958862 -0.719871 -0.62828 
-1.24478 -2.71671 2.248 -1.91801 
-4.47947 0.426794 -0.0295667 -0.376773 
1.31414 0.969643 -1.02529 -0.848411 
4.59597 0.252601 -1.3438 1.01423 
-2.78511 4.42335 -1.67733 1.12268 
1.27228 1.36697 -0.197064 0.100437 
2.24262 0.716457 0.608394 0.544928 
-1.2274 -0.544502 3.11712 0.811143 
0.34444 2.33882 2.0894 -2.34687 
2.0686 0.190327 -2.99425 0.748553 
1.54428 0.433416 -0.510778 0.369059 
-2.94152 -0.525994 -0.679135 0.2924 
0.803201 -1.78285 0.698704 -1.03097 
0.648143 1.0121 0.855086 0.499144 
1.38117 1.31235 -2.88922 0.45333 
0.17655 0.666173 -1.22025 1.89762 
0.356761 2.59976 -2.36639 1.44994 
-1.49184 2.7126 0.249787 -1.47342 
2.36447 0.453122 1.61655 0.303919 
0.632478 -0.142312 -0.887982 0.344628 
-0.244427 -1.94465 -1.9139 -0.124954 
-1.60661 -1.91393 -1.29215 -2.25721 
-1.01627 -1.45092 0.227846 0.65919 
1.22556 1.0901 -0.64232 0.123832 
1.35039 2.07512 0.850444 -0.525491 
-1.8893 2.18878 2.30784 0.568532 
-1.04916 0.0215192 -1.83985 0.836351 
-3.37439 1.38178 -2.80146 5.6274 
1.23368 1.04952 2.54313 -0.243509 
3.48324 -0.673644 -3.78068 0.819159 
-1.84748 -0.0590822 1.5098 1.46857 
-1.07527 -1.69849 3.92907 1.79389 
-0.965047 0.0106118 1.61328 2.67194 
2.02848 0.142031 0.778044 2.42008 
-0.0182634 0.825743 -0.388204 -1.70897 
-1.17286 -1.08659 2.10425 1.10176 
1.51476 0.36178 0.734689 2.16022 
0.758431 -1.84233 1.6814 -0.0532562 
-0.471194 -2.41289 -1.7344 4.80819 
0.488134 1.77719 0.430474 -0.613424 
-1.7148 3.13428 -2.62095 0.453795 
0.90116 -0.733562 0.739223 2.57031 
-2.38859 -0.713745 0.504034 -0.541819 
-0.0284888 0.538437 2.16499 0.763357 
0.983114 -0.313914 2.63761 -0.135871 
-0.132202 -0.000680029 -1.31306 -1.61612 
1.81129 1.38239 3.11871 2.88527 
-1.68751 -0.809997 -0.217975 1.92485 
-0.179126 -1.40795 0.140075 1.6886 
2.02933 -1.69359 -0.0516378 -1.18977 
1.23049 -1.20826 -2.19478 2.00123 
0.564184 2.97677 -1.40731 0.241294 
-3.13998 -0.802439 -0.463686 -0.865475 
-1.33374 1.39503 1.06174 3.03022 
-1.19539 -2.66072 -1.09565 -1.88878 
0.540365 1.58865 1.01545 -0.592352 
1.50994 1.18734 -0.592948 -1.90676 
0.021248 -2.72685 1.53028 2.98927 
-2.99859 -1.76937 0.0819668 6.21752 
-0.380157 -0.499638 4.38465 3.12717 
0.178654 -0.571605 -0.581996 0.994507 
-2.98469 1.69646 6.12147 -2.10276 
0.557332 0.320408 0.553443 1.76897 
-1.48366 -1.3105 -1.6224 1.28476 
-1.11018 3.53857 1.75171 -0.457215 
-1.50107 -0.0858657 0.425132 -1.70614 
3.53137 -3.45784 3.95989 0.0857063 
-0.3119 -0.652688 -1.14709 -0.239287 
-1.40129 -0.490632 0.938717 -1.44189 
3.10639 0.0123223 0.295515 -0.436138 
0.510899 0.293916 -0.571869 0.762925 
0.986858 4.40856 0.676161 -1.46786 
-1.37942 0.0290812 0.974122 0.669147 
2.50795 1.76212 -2.55565 -0.844004 
-0.903129 1.21604 1.69985 -0.739593 
-4.2821 -3.45942 -0.522885 -1.1745 
0.15665 -0.0425119 0.0777676 -1.33917 
-0.866881 0.713709 -1.31603 3.25355 
1.21475 -2.59739 -2.42141 2.29985 
1.24265 1.86644 0.264874 0.706445 
-0.91953 -3.14216 1.81522 0.984427 
1.25905 1.3956 3.18529 -1.8272 
1.8878 1.86555 0.856129 0.543053 
-3.13893 0.387134 2.1491 -0.961629 
-1.11321 -0.400435 -1.35983 -0.967855 
2.24104 -0.48389 -0.740962 -1.02992 
-0.740961 -0.656113 0.987633 -0.579353 
0.87596 0.715243 0.123569 0.53839 
-2.87483 1.8379 -3.0332 -2.41439 
1.75146 0.227619 1.11194 -0.429209 
1.85244 0.522577 -0.0531146 -1.03383 
0.797148 -0.450679 1.4659 -0.621649 
-0.115509 -1.09694 -1.61955 0.773661 
0.796423 1.04202 -2.48083 0.529711 
-0.0609599 1.95274 -0.321783 -1.61991 
-0.907575 0.0440903 -0.473811 0.966102 
-1.58027 -0.406925 -1.48997 0.907113 
-2.81559 0.869899 0.998728 0.397575 
0.161323 0.695433 0.925286 -0.579978 
-0.215944 1.82583 -0.227275 0.370691 
1.73589 2.4899 -1.82983 -0.97648 
-1.3783 1.75197 -0.383314 1.77333 
-1.24475 -1.5528 -0.042938 0.138598 
3.41114 0.947515 1.77018 -0.215145 
1.76489 1.82697 1.38786 -0.0754405 
1.68079 -1.02109 1.09703 3.3391 
-1.02873 -0.460308 1.0058 -0.747308 
0.38191 -3.10898 -0.654383 1.57555 
0.492308 1.53113 -0.512015 -0.180266 
0.0583789 -0.16377 -1.18239 -1.18145 
0.846813 -1.16597 0.99473 -1.33972 
-0.24252 -0.933395 -0.397182 4.43888 
1.46758 -0.435662 0.171112 -0.814226 
-1.52212 1.1275 -3.7858 0.842143 
-1.1222 -1.68268 -0.602419 -1.36089 
0.35749 -2.54864 2.56762 -1.61306 
-1.47107 -0.339517 -0.933519 -0.263973 
-0.870509 -2.47943 0.0145868 -0.369259 
0.893783 -0.96635 -0.0836875 1.87832 
-1.0662 -0.541257 1.43311 3.12455 
1.25004 1.19915 3.10976 0.589415 
0.2447 0.718299 -0.368117 0.557739 
-1.71438 -0.208512 -3.1677 1.64545 
1.72866 -1.05912 1.81025 0.867082 
0.620991 -1.06944 -0.156684 1.22185 
0.13904 -0.863171 0.00925837 1.44086 
-0.616024 -1.18105 0.497278 0.716321 
0.296076 1.02863 0.158821 4.34445 
-2.61499 -0.770047 -0.317115 0.540469 
0.219647 0.650776 1.33808 -2.16025 
1.92274 -1.43386 -1.60559 0.529252 
1.4351 -0.125579 1.57676 0.0333854 
-0.731641 -2.88293 2.80116 1.42244 
-0.270448 3.68532 2.25307 -0.461955 
-0.578472 1.79364 0.181427 -0.115108 
2.97018 3.60643 3.32111 -0.663125 
-0.550161 1.37372 -0.213187 1.00183 
1.23144 -0.399044 1.08941 -0.908196 
0.893927 -3.40698 0.370309 1.09494 
2.30111 -0.394889 2.31437 -1.98493 
-1.3462 0.661197 -0.216014 1.93042 
-0.53327 -2.04845 1.51239 -1.06899 
4.0328 0.446811 -0.55693 -3.26094 
-0.294041 0.920226 2.62534 -2.45478 
3.84362 2.64974 -0.339143 1.1457 
0.705429 0.652981 2.83554 -0.972414 
-0.180299 3.2829 -1.18443 -3.33864 
1.10713 2.33786 2.64665 -1.09688 
0.503857 -0.970299 2.65223 2.04784 
0.266098 -1.88289 -0.0680963 -0.513573 
-1.52266 -1.45139 -0.92262 0.335496 
-1.23935 -0.366125 2.3202 0.901774 
0.111119 -1.2911 -1.84743 2.27613 
2.33399 0.755083 -1.62786 0.512524 
-0.313931 0.150938 -0.824062 1.07425 
3.44066 -0.0729486 -1.90449 1.14039 
-2.66106 -0.862392 0.800492 1.8823 
-0.58531 -1.57692 1.22428 -0.0576912 
1.07989 -2.838 -0.656184 0.599246 
-0.631998 0.652715 0.667697 -0.726971 
1.13221 1.39594 -0.496279 -2.42581 
0.992788 0.393995 -1.23357 -1.46712 
-0.0899546 3.42852 1.01313 -2.38757 
1.6303 -0.227397 -0.562082 0.217826 
-0.785305 -0.65056 -3.52608 2.12302 
-2.21872 1.56113 -0.603236 -2.51362 
-0.369649 1.40574 -1.11842 -0.612657 
2.15933 -0.212547 -0.476941 -1.72905 
-0.82691 0.00224837 -3.19726 3.39716 
-1.14635 -0.479545 -0.241661 -1.55961 
0.234532 0.811984 -1.74426 0.629601 
-0.126541 1.46624 1.21321 -0.712103 
0.186307 0.251448 0.982525 -1.26102 
-0.398248 -0.896662 0.959436 4.47281 
0.973352 0.0359678 -0.717508 -0.587531 
-0.747818 -1.3449 0.365906 0.424665 
0.23555 -0.322723 -2.95283 -0.64635 
1.54133 -1.05174 1.02774 2.69864 
2.38135 0.271353 4.96629 0.397645 
0.0835114 -0.736611 0.873736 0.0597711 
1.5345 0.136883 1.72985 1.69774 
-1.2708 0.390096 0.80173 -0.67282 
1.06514 2.61703 0.199824 4.573 
0.163079 -0.176909 -0.162064 1.13048 
-1.63097 -1.71409 0.253401 -3.26667 
-2.5946 -2.13506 -2.12714 1.67245 
-1.42466 -0.664856 -1.82848 3.31738 
3.79246 -4.52942 0.467093 -0.577939 
2.54811 2.85008 -1.83223 3.69794 
-3.14283 -0.209242 -0.00899589 -1.77728 
-0.433707 1.09016 0.31374 1.99831 
2.80456 1.30022 0.786161 1.07989 
-0.106584 -2.87619 0.866925 -1.27528 
0.872946 -0.60208 -0.80351 -2.28658 
0.728356 -0.817893 -1.99978 3.40423 
1.38683 1.09702 2.07922 -1.36038 
-0.742544 -0.106831 -1.2952 -0.576947 
-1.56057 -0.544822 2.2774 -0.385182 
1.5555 0.147504 2.87124 -2.2566 
-1.22658 0.959869 0.648827 -0.833989 
1.33589 2.4218 1.07278 -1.16073 
-1.16294 0.025629 -2.89614 3.3836 
2.03486 2.60273 -2.97665 0.474652 
-0.127235 -0.542011 1.17547 0.664986 
-2.2683 -4.78615 -1.14406 -0.133567 
-2.56395 0.66462 1.00424 -0.124701 
0.42574 -0.0527562 -0.721568 -0.0885589 
-0.107835 0.0342721 -0.458428 1.06281 
0.355562 0.428089 -1.29634 1.1848 
-0.724735 2.57381 -3.43205 -3.54118 
-1.34468 0.468082 -0.0752868 -1.64418 
3.5103 2.89674 0.770253 0.53535 
0.146921 -1.89707 2.62197 -2.09746 
1.44332 -0.258533 0.652436 1.39158 
0.266746 1.55274 2.50889 -2.7413 
-1.30637 1.57064 -1.34931 -0.965889 
-0.660951 -0.312997 0.451353 -2.7367 
-3.7377 0.432734 1.59629 -2.37299 
-0.446272 0.995056 -0.542288 -4.09822 
0.498933 3.89589 1.16176 1.52571 
2.49107 1.4162 -1.20091 -0.153789 
2.07929 2.08825 -0.249351 -0.949932 
-1.40071 -0.546877 -2.85669 -0.0840565 
-0.79044 0.698779 1.36685 -0.995291 
0.653252 0.198593 -0.181541 0.944328 
3.26363 0.954006 -1.3732 -0.120289 
-2.74569 2.01313 -0.057535 0.990688 
-2.24066 1.06177 -0.646004 1.07701 
-1.45837 -0.718381 0.935859 1.77394 
-1.92013 0.687267 4.33846 0.835645 
-2.00842 3.32367 2.27401 1.6009 
0.411997 1.93531 3.02659 -0.0729619 
1.5136 -4.42228 -0.98659 -1.07814 
-1.31679 -0.112047 0.0678964 1.45247 
1.20343 -0.254274 -0.492708 -3.17177 
0.731588 -1.33632 -1.07436 -0.0340826 
-3.08206 1.78096 3.45641 -0.178029 
-2.35587 0.686602 -0.751432 -0.00133418 
-0.575272 -0.821492 0.965402 2.24469 
-0.785965 -0.648781 -2.54996 -1.16601 
-0.738708 1.58943 -0.925064 -0.766957 
0.510521 1.88753 1.94612 0.848203 
3.19968 -1.33619 2.51019 -2.59989 
-2.7937 0.192347 -1.4273 -1.08629 
1.56049 -0.321939 -0.0834657 2.29927 
1.65987 0.660675 1.38178 1.57623 
1.90353 -0.331052 0.150724 -1.41348 
-3.04295 -0.273515 0.655444 -0.951788 
-2.36729 -0.118983 -1.81505 2.99936 
0.996576 -0.106979 0.622891 3.48334 
-3.40257 -1.21699 1.40824 2.19452 
0.169178 0.501806 0.00652625 2.42595 
0.835965 -0.720286 1.4393 1.99061 
3.82632 -0.157389 0.989463 -1.2664 
-0.829468 0.659418 0.290981 1.46576 
-2.74139 0.325115 -4.71167 -2.28236 
-0.774689 -0.667908 2.41122 -0.177226 
-1.65823 0.428669 1.33348 -1.35422 
-2.74688 0.333157 0.430518 4.4717 
1.53089 -2.26715 0.909763 -0.543419 
-1.95495 -0.142837 -0.235427 -4.05244 
-1.27215 -1.21166 1.31978 -0.945307 
0.538694 0.1264 -0.768689 -1.03612 
-0.929869 1.15963 -2.40663 1.14339 
-1.93159 -1.99784 1.41834 -2.70616 
0.607677 -0.195651 0.184191 1.98676 
0.00363679 0.19114 -1.35751 0.493091 
1.18764 2.44249 -2.64954 -2.05012 
2.90713 -1.51934 -1.5689 0.18488 
-1.70425 0.588463 -0.441607 -0.276603 
-2.07638 -1.7963 0.420868 -0.0427267 
-2.55388 0.11218 1.62584 0.335682 
-3.51418 3.43252 0.197544 1.57234 
-1.0085 -1.03658 -2.26639 -0.912731 
2.6333 -0.33614 -1.32606 2.75416 
-0.286247 0.0869328 0.840783 1.69667 
0.0177329 -0.827153 2.69439 -1.86539 
0.94962 0.300765 0.661347 0.230484 
-2.25203 -3.9053 0.174257 -0.474409 
-0.377852 0.390405 -3.16159 -1.22954 
-1.97695 0.964539 -1.73101 0.756156 
-2.70468 -1.62681 1.2359 3.4028 
-0.493186 0.578956 -0.0438227 0.570513 
0.348833 -1.00697 0.768547 2.35167 
1.52073 0.245957 0.783585 -1.33618 
-1.13547 2.22796 -4.00942 0.799399 
0.202703 -1.02906 0.642184 -0.318993 
1.01014 -2.37682 -0.229947 -1.44662 
-1.23221 0.0138895 -0.76635 0.207478 
-0.117966 -1.98009 -3.02492 2.04194 
0.842402 2.77367 1.43105 1.20185 
0.886509 -0.675621 0.362725 -1.02028 
-0.231457 1.58046 -1.60721 1.57057 
0.732757 -1.89096 0.842407 1.55349 
-3.5923 3.24777 0.0214196 1.45667 
2.35364 2.60758 0.80648 1.34102 
2.22891 -2.53131 0.293338 -0.732417 
-1.28196 -1.12132 0.535214 1.63176 
-2.8859 -1.99633 1.67099 3.64648 
1.06062 -1.31378 -0.706079 1.38921 
-1.28893 0.422738 0.516166 -2.70435 
-3.76638 0.790117 -1.49607 -1.25718 
0.771468 1.92598 1.2823 -1.1035 
-1.0158 1.86332 -0.278793 1.67112 
-2.18865 -3.47816 0.607311 -0.480772 
0.680268 1.37338 -0.202802 -2.07416 
-1.87166 1.19739 1.53478 1.03043 
2.39701 2.76535 -0.927829 0.16697 
-2.37201 -2.69014 -0.66198 -0.788893 
-3.20313 -0.875995 -1.23579 -1.95764 
-1.95134 0.151109 2.10627 0.410329 
-0.210414 1.61136 2.38894 1.53371 
2.13204 -1.89601 -1.27307 -1.2697 
1.21388 -0.763857 1.06679 -3.47748 
-1.83894 -0.78871 -0.694468 -3.92397 
-1.39187 1.33842 2.75345 -2.06103 
-0.852696 0.836621 1.91712 2.68835 
0.293897 -0.892345 1.44983 -0.622408 
0.649683 -0.953981 0.353584 -2.06767 
1.22919 0.293139 -2.52513 0.0659844 
3.81503 -0.585221 -1.87364 -3.47861 
-0.718084 -0.856931 -0.245754 -0.74795 
0.904101 2.19067 -2.2233 -0.590815 
1.42615 2.27531 2.10691 -1.77514 
-1.49448 2.50398 -0.0633778 -0.207011 
1.49352 -0.164493 -3.52288 -0.367393 
2.42306 0.757871 -0.244697 -1.22508 
0.435705 -0.89533 2.19397 -0.538185 
0.610057 0.629504 -0.550582 -1.15974 
-2.57789 -1.75805 0.130184 -1.63474 
-0.108854 1.68346 -1.5506 3.5767 
1.02901 1.45135 -1.20492 1.17884 
0.720185 1.30192 2.06002 1.56881 
0.0513369 1.81107 0.894582 1.38343 
1.58726 3.84518 0.999447 1.83902 
-0.47469 0.601958 2.83453 -0.895639 
0.502731 1.15572 -0.16498 -1.68002 
-1.19291 0.403695 -0.354125 -1.02139 
0.342836 0.904636 0.732391 1.25672 
1.72837 -0.803365 1.17896 1.18577 
-0.953292 0.20582 -1.09833 -0.191669 
-2.44777 -3.86485 -1.09913 -2.71094 
0.27952 3.9337 2.66807 -1.20958 
1.73455 0.608336 0.745138 -3.75054 
1.62767 1.19081 2.40499 -1.34098 
3.44933 1.66941 -2.73375 1.37404 
-0.882477 -1.29481 -0.790478 -2.76031 
1.58024 -0.0874102 0.140486 1.23906 
1.0911 1.0579 -0.678767 0.0917886 
-4.43859 0.0592175 -2.77715 1.26375 
1.27618 -1.56998 -0.450723 -2.44823 
2.75785 -1.18848 1.44317 2.25458 
0.285677 0.042408 0.539219 -0.811261 
-0.532438 -1.29127 0.0307456 -1.25458 
2.31212 -2.02432 -1.8888 -1.43807 
-0.769035 -0.816732 -1.84383 -0.674783 
-0.710308 -3.12568 -0.329587 0.445504 
-0.221397 1.28051 -0.605541 -1.89237 
1.0706 0.549753 -0.571056 -2.09492 
-0.960371 -0.234771 -1.98217 1.25597 
-1.94709 0.876969 -3.19573 2.63735 
1.38742 -0.200063 -2.68108 1.49338 
0.500449 -1.17906 0.682362 1.13593 
1.31374 -1.23613 2.43071 -1.94137 
0.0885412 -0.832944 1.69019 0.160364 
3.80301 -2.38358 2.92457 -0.105032 
1.83327 0.0777719 -0.83085 1.83321 
1.62475 2.58391 -1.38576 -1.56824 
-1.23644 -0.307118 0.650347 2.02164 
2.70652 0.521003 0.113132 0.0316453 
2.43607 2.78344 2.82753 1.31685 
-4.22173 4.00607 -0.854962 -1.40876 
-0.329645 -0.577445 -2.42818 0.475249 
-0.122788 0.99433 1.18732 -1.57145 
-1.54258 1.46607 0.806644 -1.4324 
0.156577 -1.05404 3.82405 -0.780191 
-0.172825 0.0623254 -2.77068 -1.22282 
-0.304193 -1.48498 0.579255 -0.866509 
0.0132889 1.43548 -1.38339 0.101994 
0.114921 -1.24931 -0.526717 5.19489 
-2.32476 1.66927 -1.71354 0.733013 
-2.14603 0.537286 0.585732 -0.534053 
2.74138 0.0703562 -0.681885 0.27084 
-0.776318 -2.58723 1.32294 1.03874 
-1.62283 -2.7357 0.734176 2.78521 
0.999995 -1.07825 0.342139 -2.43067 
-2.24592 0.367409 -1.4424 -1.78766 
0.344695 -2.07876 -0.380364 -2.72133 
0.72455 -1.14212 4.46926 0.173266 
2.39372 0.5221 -2.88634 1.28586 
1.53764 -1.424 1.09709 2.2488 
-0.55928 0.846272 -2.8585 1.20996 
-0.875883 0.342476 -1.24485 0.0075728 
-0.75532 -1.79381 -1.87896 -0.544623 
-0.700049 0.356615 -0.0896183 -1.547 
-0.653759 0.396284 0.867767 -2.8605 
-3.21795 0.739458 2.42227 -1.67341 
1.68771 1.23148 -0.848194 0.924339 
-1.73906 1.89339 -0.444054 -0.369655 
-1.30617 -0.611372 -0.785159 1.5915 
0.346277 2.21078 -0.638213 1.30608 
-0.868707 1.65054 -1.29562 1.04278 
0.497581 3.51464 1.1588 -0.775842 
-0.397859 2.52807 -2.10363 -0.751652 
-1.34482 3.15747 -2.26299 -0.073685 
3.96691 1.30543 2.03126 2.05688 
-1.33534 -0.137942 -2.5379 2.02392 
-0.0934727 -0.599792 -0.492628 1.9281 
-1.49676 -4.4171 -1.21309 -1.17849 
0.696857 2.7251 -0.412461 0.253193 
-2.03953 -0.0791108 -0.505718 -3.32294 
-0.146304 -1.62264 -1.20696 -0.717042 
-1.81088 0.548669 0.974121 1.49694 
1.50995 -0.612897 1.3899 -0.667165 
-0.507101 -1.35577 0.873242 -1.38832 
-0.138996 1.56339 -1.28467 0.325827 
2.8305 0.146517 2.53821 2.52527 
-0.650731 2.04205 1.73901 0.0792083 
-1.98692 1.9511 2.12146 1.29265 
3.97109 1.16365 -1.68647 0.778741 
1.50424 -2.85754 -2.06395 -1.47082 
2.52386 3.54364 -0.154226 1.98226 
-1.36261 -1.67884 -0.697699 -0.674226 
1.48434 0.277795 -3.37815 2.0468 
1.00216 -2.53846 -1.69982 -1.10017 
-0.126698 -0.958085 0.162157 -3.38703 
1.18099 -2.4817 1.3687 2.8121 
0.413413 -2.1932 -1.15094 1.40702 
-1.82677 1.34735 -0.0798284 0.562766 
1.83785 0.342197 -0.213076 -0.0503035 
3.64899 -0.197265 -1.06364 0.690909 
-0.59211 0.804431 -0.706083 -0.196681 
-2.78703 -1.05147 2.04365 5.61676 
0.472903 -2.54053 1.26837 0.779747 
1.57307 0.493135 -0.224727 1.15022 
2.49591 -0.713852 -2.05492 -1.08235 
-1.58228 1.88762 3.64434 -3.31963 
-0.0615893 -2.17756 -0.979529 -2.17543 
0.191062 0.573462 0.762684 -2.60813 
-0.691224 -0.411994 -2.43357 0.609562 
-3.11389 0.702737 -1.43798 -0.896692 
0.210541 1.19727 1.42016 0.0284725 
-0.015831 3.40777 -2.90586 -1.58675 
0.176704 2.57494 0.776009 0.762887 
0.0451477 0.658102 1.01653 -1.89881 
-1.48634 0.888389 -2.10377 -3.03418 
-0.570139 -1.51726 -0.333445 0.558806 
1.88678 1.11345 0.493876 -1.80968 
-2.06223 -3.01031 1.80242 -1.03636 
-0.493554 -1.77507 -2.87546 -1.65764 
-1.42668 -0.872794 0.51301 -0.219663 
1.60307 2.52493 0.73889 0.366073 
0.243272 1.9097 0.261432 -0.975782 
0.145469 -2.40861 -3.72298 4.77281 
-0.0172795 2.27851 -0.485403 2.73475 
-1.0399 -0.218512 0.698311 1.32778 
0.337887 -0.215499 -1.13827 1.64392 
3.08316 1.39189 0.555486 1.36677 
1.08811 3.84485 1.28226 1.85269 
1.8366 -1.41534 0.0705157 1.4751 
-1.1152 -1.99385 0.624063 -0.472946 
1.42339 0.720782 3.99228 2.2049 
-0.145274 -1.83846 -1.95264 0.623134 
1.51291 -0.920553 0.866001 0.347605 
0.0389276 3.56138 2.5582 -1.33545 
1.99153 0.986819 0.0912056 -1.3007 
-2.36921 1.16297 2.16515 -0.542663 
0.561105 -0.0716157 -4.37058 2.27474 
0.272525 1.48977 0.448381 0.903006 
1.96102 1.46593 1.87691 -0.584163 
0.140081 1.32709 -1.53223 -0.744667 
0.972693 0.751681 0.623745 -1.53916 
-0.58587 1.60935 0.659838 4.37728 
-1.40733 0.545824 -2.21258 -1.34851 
1.55894 -1.32623 -0.284562 0.710398 
3.3558 0.797593 -0.0444894 -0.480978 
0.0610631 -0.728111 -1.41417 -2.85513 
0.541814 -2.52758 1.95486 3.75366 
-1.0914 1.76773 2.89764 -3.76088 
0.866111 -3.6681 0.343912 0.540157 
-1.30637 1.96197 -1.02499 0.433153 
1.66081 -0.752648 -1.46253 -0.487203 
-2.69439 -1.52427 -2.38609 3.0382 
-2.72556 -3.56083 0.79117 -0.0241248 
-0.449471 3.12344 2.13389 1.46574 
2.43639 -2.36318 -0.936671 -0.397152 
-0.829406 0.0230525 0.298949 1.65723 
0.557813 0.642646 0.0201662 -1.01827 
-0.686323 0.0429236 0.722776 1.95154 
-0.59088 -1.29129 1.81546 1.85387 
-0.908027 3.15397 0.444481 1.72604 
-0.051239 0.386473 -3.05979 -4.15242 
-0.4144 -2.57933 0.112702 -2.02376 
2.01254 0.645534 2.46442 -2.34474 
-1.96597 -1.23638 -1.61348 -0.215854 
0.351164 -0.860175 -1.44004 -0.782861 
-2.9538 -1.73894 -2.08849 -0.28798 
-0.327768 2.07893 -0.619101 -0.178873 
-1.08409 -0.102573 1.85344 -0.0104093 
0.865609 2.77509 -2.29796 2.11771 
-3.72817 0.257677 -0.048586 0.820846 
0.546344 -1.30363 0.310052 0.862202 
-1.26767 -1.11939 -0.424361 1.76936 
-0.432795 -2.81223 -1.4019 2.49776 
-1.69775 3.15344 -0.965958 0.572903 
0.614523 3.95121 0.167376 -1.55771 
-1.24806 -2.65521 0.370019 -2.15627 
-1.84402 -3.52832 0.528153 1.22909 
0.0718502 0.173186 0.59005 0.475178 
2.88992 -0.416336 -0.699625 -0.219671 
-0.0128442 -0.402676 -1.35612 2.82886 
-2.27269 0.395987 -0.415908 -1.23061 
-1.91767 -0.911835 -0.281945 0.484825 
0.395604 0.461781 2.19426 0.661959 
-1.34348 1.06559 1.28881 -2.19713 
0.691335 2.83973 -0.630621 -3.66806 
-3.47336 0.164899 3.29361 -1.74244 
-1.35862 -0.288912 2.64125 -0.204795 
1.84126 -0.722311 -1.76194 -2.49655 
-0.637106 2.12429 -3.87391 0.163448 
-1.56501 3.68456 -0.662823 -2.57656 
0.443102 1.83062 -0.206212 -4.97374 
-0.127551 1.75387 1.68486 0.0464671 
0.894694 0.873586 -2.8474 -0.225187 
1.26521 -2.68245 1.16051 2.26189 
-0.107117 -3.74645 -0.364827 -0.613231 
0.485785 1.03238 0.317768 3.79855 
-1.88113 0.810522 -0.704401 -2.11908 
0.277991 -3.26883 0.596773 0.186997 
-0.634211 1.42528 -1.21997 2.21167 
1.98491 -1.1526 -0.0605104 -0.463145 
3.07059 -1.68656 -1.43685 0.500706 
-0.148192 -2.92357 2.84078 1.66949 
-0.554008 -0.517389 -3.71275 -0.375821 
-1.08583 0.198995 1.31296 1.13166 
1.87152 -3.05593 1.102 -1.14715 
-2.32421 -0.896182 -0.851767 2.12909 
-1.99599 2.6901 0.665354 -0.66422 
-2.03212 4.95444 2.14603 -0.139668 
1.47221 2.75692 1.34333 -2.94661 
-0.357397 -0.773015 0.765337 -0.613849 
-1.278 1.3651 -0.0687239 0.184762 
-0.644701 -0.202796 -1.26275 -1.67039 
-2.29621 0.431724 0.528157 -0.398422 
1.71009 -0.298608 -0.670638 0.917462 
-0.838957 -1.40422 3.14118 0.480212 
-1.83573 -3.78762 -0.405701 -0.944859 
-0.756437 -0.439382 1.63726 0.572521 
-1.02721 1.17154 -3.53614 1.46222 
-1.94125 -2.18735 -0.227087 -1.02131 
-1.95981 -2.35343 1.90332 -1.38929 
-1.6904 0.744098 0.579847 -0.612896 
3.56186 -0.251484 0.607066 1.09181 
-0.975259 -2.60676 1.98142 0.180723 
0.472854 -0.793005 1.58683 1.36591 
-1.16838 -1.95806 -4.25254 2.25078 
-0.514504 -3.58344 -0.886474 -0.0406468 
-0.264731 3.41189 1.80877 2.3269 
1.24511 0.348095 1.21603 -0.20516 
0.227224 2.05705 -1.93107 0.0683357 
-1.58924 0.76316 0.310172 1.24585 
0.297218 -3.54802 0.412056 -3.20999 
-0.213021 -0.581454 3.28926 -1.32021 
0.251315 -0.36552 1.04745 2.10093 
-0.855529 2.13917 1.00347 -2.20343 
-1.53107 -1.29212 1.64564 -0.242084 
0.960776 3.08922 -0.77896 -2.04951 
0.483859 -1.92037 0.387438 1.923 
-0.173436 0.851806 -0.622191 -1.53702 
-0.400954 -2.60836 1.15875 0.737809 
1.49308 0.27417 -0.17704 0.213075 
-0.514573 3.14409 1.2669 1.04795 
-0.273272 4.7051 -3.37474 2.5239 
-0.63178 -1.31081 -1.24312 0.297931 
1.00127 -2.00301 -2.20091 1.54046 
-1.11109 1.61013 2.14087 -1.51156 
2.28507 -0.0965183 -2.27083 1.48127 
0.372428 -1.84686 -0.378799 1.26563 
-1.18863 -0.406891 -1.46523 1.1425 
-2.18073 0.495083 1.38012 -0.256448 
0.317603 2.18342 2.39261 -0.95964 
0.199108 2.91765 -1.72568 2.73862 
0.531978 0.312878 -2.89671 -0.46102 
0.510743 1.05557 2.20337 -0.0882803 
2.52353 -0.711952 -0.633908 0.819664 
-1.68481 -0.366365 -0.298294 -1.68984 
2.1055 -1.77223 -0.0832678 4.51684 
1.89091 0.173572 0.0825474 1.63246 
1.19305 -1.6587 -1.78983 3.15975 
-0.0485941 -0.302197 1.67741 -2.50794 
3.36358 2.05618 -1.42184 -3.32347 
-0.961121 0.0736618 -0.737646 -2.15473 
-1.19974 -0.85998 -0.195979 0.872753 
-1.84217 0.335198 1.39016 -3.06289 
1.85705 0.0560348 0.614898 1.26494 
-0.124831 -2.38377 -0.645418 -1.69583 
0.842996 -1.20199 -3.12347 -1.93592 
0.44733 0.209874 -0.372617 0.0299436 
-0.921486 1.30896 1.58254 -1.89775 
-1.78887 -0.398035 0.875426 -0.580489 
2.52546 -0.184804 1.10185 -0.325954 
0.881302 -2.78983 1.52571 -4.14857 
6.81103 -0.131153 -3.28388 0.349707 
1.75429 1.70421 0.163067 -1.71764 
-1.43505 -2.87981 1.8016 -1.63067 
-0.265892 -0.263884 -0.795539 1.20563 
-1.20363 -3.50099 -2.63993 0.215664 
-4.04608 4.25852 0.736381 4.2217 
-1.03471 1.06435 -2.51412 -0.522485 
1.31238 1.0625 -0.00683276 1.83419 
-0.939129 -1.52505 -0.363929 0.410668 
-0.332624 -0.969935 1.26216 -0.995361 
3.98076 -0.859301 -0.458728 -1.22058 
1.24195 -1.37988 0.127474 0.699816 
0.281224 1.36335 -1.22015 4.32769 
0.975183 0.253012 -0.697806 1.35091 
0.109431 -1.70091 1.35109 -0.437648 
-1.27096 -0.76489 -0.279404 -2.23959 
-1.67102 1.14899 0.408272 -0.898534 
0.222426 -0.370556 -0.467603 0.427173 
0.581277 0.885801 3.21984 2.63153 
-1.08161 1.91837 0.134977 -2.22976 
2.76078 0.659312 -3.28949 -0.255001 
-0.607549 3.59719 0.791577 1.73417 
-1.44428 1.34823 -1.54049 0.872067 
1.10929 -3.15649 -1.79163 -1.25387 
-1.02359 -1.96485 -1.41703 -2.27851 
0.103004 0.518112 -2.36642 -0.839 
-2.59586 -1.68555 -1.08623 0.735651 
0.834304 -1.75523 1.50306 1.84617 
0.816971 -0.542479 3.69713 -0.132496 
-0.712826 -2.83601 0.402598 1.40922 
-0.408813 -1.14186 -0.685635 0.430279 
1.1616 1.48557 1.26342 1.4187 
-0.0223707 1.46904 0.837191 0.916434 
-1.49776 0.599927 0.418768 -0.803129 
-3.46141 -0.0878762 0.863399 0.739879 
0.463732 -0.230747 -2.67434 -0.184739 
-2.13173 0.363839 -0.365836 -2.46599 
-0.996113 -0.524911 -1.90115 -0.78073 
0.73445 -0.925332 -1.19046 -0.0550658 
-0.155495 -0.14363 0.619511 -0.706563 
-2.61089 0.861106 1.05662 -1.02661 
-4.09056 0.835698 2.98734 -1.49177 
-1.50955 -0.11885 2.22994 -2.07241 
2.75437 -0.920376 1.62013 2.78238 
-2.3665 -0.705102 1.26196 0.199801 
1.87404 -0.664848 0.56529 -1.1568 
-2.61504 -1.19193 -1.17978 -2.05899 
0.129314 -0.822462 1.53094 -0.690815 
0.280098 -2.1067 -2.02564 1.64043 
-0.402659 -3.23657 -4.25604 0.736938 
-0.797485 0.279908 0.815171 2.18226 
2.1515 1.34248 -0.898491 0.613607 
3.03526 1.32384 -2.54415 2.94209 
0.17739 2.61211 -0.619134 0.527242 
0.0173974 -1.01039 0.467251 -1.15442 
-0.659429 -0.903008 -0.886102 0.796554 
0.34702 1.30185 4.26974 0.784753 
1.40422 0.202871 -0.548222 1.11397 
-1.59506 0.984216 -0.744817 0.750413 
-4.44226 0.371514 -0.893289 -0.13262 
0.474455 1.53194 1.79813 -1.47732 
-0.825492 0.524136 1.9553 2.43452 
-1.34075 1.36962 -2.60052 -1.17551 
2.12762 2.05462 0.151751 -1.31154 
-0.184703 -3.48328 -0.428528 0.0113835 
0.0431096 0.0732737 -0.190573 -2.27381 
1.20791 2.58892 -0.659411 2.2406 
1.46532 4.42115 -0.127131 0.470703 
1.1381 1.54372 0.94521 5.00333 
1.74937 2.66125 -3.34898 1.36371 
-0.487686 -3.41949 -0.464863 3.38965 
-0.206795 -2.04215 4.57047 0.840613 
-1.74544 1.07515 -0.318479 -0.374869 
-2.90741 -2.11147 -1.39513 1.04449 
0.625367 -0.576378 0.604473 -0.825153 
-0.965071 2.04857 -0.623249 -1.04072 
-1.7275 1.73166 -2.11679 -1.66078 
1.35294 -0.517644 0.565387 -1.2874 
1.73556 -1.65539 5.88711 0.789753 
0.596121 -1.4797 0.101128 -0.517717 
2.87695 -0.266993 3.70188 -2.39701 
-1.0317 -0.428601 -2.3426 0.680225 
-2.88169 1.18171 -2.08211 1.13489 
1.03591 2.13645 1.12915 -0.464763 
1.36864 -2.92386 2.05141 -1.16493 
-1.48999 0.0410403 0.35082 -2.719 
2.02113 -0.959327 4.04152 0.542787 
-0.012063 1.81468 0.0345367 -2.72834 
-0.0291538 0.907158 -3.00324 1.23887 
-1.50178 -1.19639 1.18133 1.19504 
-1.79581 0.270194 0.896912 -1.28706 
-0.391727 1.71336 -2.22099 -0.615587 
0.527146 -0.199818 -1.7134 -0.362386 
-0.283185 -0.648831 -1.28775 -1.48687 
1.59951 1.91208 0.152875 3.31316 
1.79956 -1.52764 1.38645 -1.56977 
0.382574 1.09941 0.00626652 0.583414 
-1.34112 2.4372 -1.01027 0.318003 
0.967834 1.07012 0.546472 0.428003 
-2.28705 -0.107483 2.07303 -0.00679476 
1.44676 -0.717665 1.04084 0.202771 
1.81961 -1.62956 -0.602232 -0.592 
-0.647834 -0.221527 -1.18495 1.26949 
-3.69494 2.64342 0.220601 0.108307 
4.0633 1.25461 -2.03201 0.733029 
3.11487 -1.91256 0.798792 0.692397 
-0.293683 1.48621 -1.10975 -0.0139609 
-0.0725633 -0.846726 1.4162 0.716952 
1.12313 0.430925 -0.598989 1.93684 
-0.342568 0.432322 3.00554 1.50443 
2.97972 -1.53372 1.01574 -0.911603 
0.653561 1.23503 -1.25224 -2.68232 
0.779418 0.10854 -0.347329 0.722572 
1.08739 0.0175249 0.347445 2.03493 
0.185558 -1.60405 -0.7128 0.966564 
0.0657126 -0.794167 0.546084 1.25066 
-0.350696 0.74325 -1.23523 0.618173 
-1.04181 2.20744 -1.54834 1.48856 
1.51234 1.59495 0.231397 -0.0385066 
-3.71945 1.08062 -3.12278 0.130394 
-1.04839 -1.86362 0.992275 0.82202 
0.9386 -1.05532 1.09191 3.34193 
1.73609 2.649 0.0539395 1.96167 
2.31941 -1.05395 -2.64554 0.174739 
-0.467259 0.494653 -1.1677 0.362716 
2.07459 -0.288846 0.0961657 2.03018 
-0.494563 0.981166 -1.40992 -1.80722 
2.00616 -0.0335149 0.712926 0.805764 
-1.07377 0.548705 -1.41444 -0.237715 
-2.68886 0.00152326 -2.76101 -0.01718 
1.67124 -3.47043 0.127751 -1.31804 
-2.17188 -1.61656 -2.73548 0.106694 
0.162787 1.90636 1.16523 -0.67693 
2.161 0.355185 0.472559 -2.44913 
0.514121 -0.333319 0.512962 1.14188 
-2.27027 -2.413 -0.331085 -1.4518 
1.79383 2.65606 1.43033 0.00349202 
1.24525 -2.58684 -0.831276 -0.403796 
2.58539 -1.85292 1.74053 -0.188142 
-2.00589 -0.0471754 1.17089 -2.29614 
-1.37658 2.45521 -1.41709 -1.07533 
-3.79555 -1.4053 -3.5022 1.22832 
-0.146029 1.24209 4.23133 -1.5895 
-0.904786 1.13835 1.55073 1.46838 
-3.70225 2.75675 -2.15137 -1.81173 
2.47786 -1.35064 -0.962839 0.22296 
3.40327 -1.15179 3.69235 0.715214 
-1.52757 -2.80889 -1.43109 -1.57667 
0.620881 -1.09632 0.133813 -0.598855 
-2.09153 2.05402 -3.43777 1.03185 
1.15231 -2.48946 1.06631 1.76609 
1.41179 -2.36385 0.963138 -0.896314 
0.287811 -1.75122 -1.75266 -0.541665 
-0.547474 0.812136 0.609478 -0.504905 
0.513813 -0.323825 -0.710798 -1.01076 
-0.495962 -1.96099 1.5402 -0.0187993 
-2.1868 2.31068 -1.28932 -0.892197 
1.87097 2.08842 -3.30048 -2.2842 
-0.379604 0.385061 2.53937 2.19144 
-2.0619 -0.580191 -1.62741 0.369385 
1.45142 -0.825931 1.1355 1.25113 
-0.398474 -0.0169243 3.67266 0.274467 
1.31533 0.254514 1.50816 -3.5669 
-0.753312 -4.25049 0.715934 -1.19276 
1.02836 -0.828992 -0.310885 -0.610339 
-2.62532 1.84152 -1.13676 -0.690591 
-0.16229 1.15218 -0.647898 -0.859508 
0.67217 0.945247 -1.57819 3.4729 
-2.34178 3.99999 -2.5772 1.55062 
1.66005 1.51255 3.39241 0.772876 
1.65339 -4.14935 -0.0926138 -0.666714 
0.887874 1.16233 0.00285074 -0.707876 
1.94755 -0.278742 -1.17119 0.897679 
-1.05852 1.0863 1.10546 0.0890622 
1.44212 0.856734 0.745482 0.26486 
-0.905126 2.1268 -2.17779 -0.175516 
0.515835 -1.22343 -1.2017 0.802275 
0.453098 -2.90704 3.99901 2.51382 
-2.51081 0.152343 1.40057 0.747126 
2.35192 -2.28873 -0.648236 4.87936 
-0.698453 -1.99387 -3.15208 1.9094 
0.285798 -1.01911 3.54014 -0.757985 
-0.866349 0.23657 0.99485 -0.138246 
-1.26789 -1.64149 1.65284 -0.695686 
2.90023 0.0683896 0.511569 2.66179 
-0.576865 -1.71398 -1.94384 -1.32368 
1.98201 2.16169 -3.1074 1.19042 
2.68446 -1.11951 1.30888 -0.451153 
3.14011 -0.977169 -0.0979389 -2.71351 
0.559072 -0.59323 -0.879332 0.021076 
1.97937 1.71448 0.506681 4.39205 
-2.67635 -0.662765 0.588838 1.56238 
2.37691 -1.08422 -0.598659 -0.293541 
0.748326 -3.45885 3.27621 -0.869696 
-0.577106 -1.04399 -0.621479 2.51933 
0.936312 -2.14499 -2.82619 -3.47309 
0.1035 -5.74024 -2.47813 -2.56638 
1.11071 -0.916175 -1.2414 -2.78289 
1.61754 1.77464 2.03204 1.44276 
-2.64501 -2.42738 0.863987 -0.0534851 
1.36205 0.0176827 -0.558504 1.39345 
-1.76947 -1.26138 -4.14545 0.994208 
-1.71737 -0.810461 -0.0715895 0.593966 
0.0152476 -1.73778 0.899178 1.4021 
1.39712 1.96933 2.74127 0.36718 
-0.748674 0.832368 0.446348 -0.341613 
-0.923497 -0.22279 -1.07765 -0.43573 
-0.163995 0.223753 0.766762 -0.0219747 
-3.11637 -0.683005 -0.733228 -0.303881 
-0.419314 -1.22811 1.58901 -2.37485 
-0.366858 2.33982 1.72811 1.15683 
1.66893 -0.907552 -0.997799 1.51092 
0.331602 -0.394925 -0.484697 -0.270025 
0.309727 0.81661 -0.633174 -3.3823 
-0.56769 -1.94356 0.568195 1.94065 
-2.30392 0.591651 -0.240387 0.562148 
3.32575 -1.61811 -0.135368 -1.34891 
-3.4677 -0.0356805 2.38762 -0.198294 
-0.114839 -0.628116 0.042456 -1.1253 
3.4817 0.461989 2.33825 -1.75081 
-0.484515 1.34779 1.91844 -0.742345 
2.9446 1.92645 3.80642 -1.08609 
0.91619 -0.775448 1.67176 -1.07971 
1.50948 -0.3395 2.69343 -0.48245 
1.47692 0.811431 -0.372387 0.513145 
-0.705262 -0.972301 0.60276 -0.982121 
0.313553 -1.25049 -2.4438 -0.677339 
0.59533 -2.00702 0.682876 -1.56541 
2.31447 2.897 -2.51854 -1.68826 
-1.41738 0.140943 -0.176532 -2.42048 
0.396967 0.322929 -3.75648 2.09765 
-1.31531 1.39483 -0.576359 0.164108 
-1.586 -1.75478 -2.36694 0.340187 
-0.0167469 5.17788 -0.729433 -4.44599 
0.341825 -1.67823 -3.14937 -0.438478 
-0.767832 -0.302324 -0.15731 1.83716 
0.617422 0.0810391 -2.0788 -1.40329 
0.33865 0.947955 -0.304988 2.17338 
-1.06169 -1.1608 1.08355 -1.77908 
-1.56533 2.04807 -3.10111 2.99904 
2.09088 1.595 -1.60952 -0.938217 
-0.405738 -3.01783 -1.36138 0.0032506 
1.11395 -0.32579 1.70908 -1.63394 
-3.04639 1.11799 -2.85403 -2.24708 
-4.65454 -1.17417 -1.65241 -0.797326 
2.50002 2.48281 0.572473 1.37422 
-0.985793 -0.897872 0.962756 -1.14613 
-0.246301 -0.293348 -0.147925 0.612631 
4.11798 0.335826 1.93534 0.255012 
-2.00567 2.12747 1.8289 -0.481814 
-2.17767 -2.98243 -3.34529 -3.6754 
0.671079 1.5229 -0.428004 -0.914451 
2.59163 -1.78936 -1.88322 0.548626 
-0.473966 -0.757794 0.677316 0.614526 
1.21991 2.17303 -1.86739 -0.142966 
-2.48775 0.648754 -1.00265 -0.517604 
4.31621 -0.316703 -1.14868 -1.36489 
-1.67026 -1.74197 1.15795 -2.152 
-2.08159 -0.0929063 -0.544136 -1.38238 
-0.841622 -3.75297 -1.41896 0.058115 
0.564785 1.44374 1.91926 1.51258 
1.71163 -1.96073 2.07539 -1.2957 
-1.39969 0.0341823 1.21781 1.69635 
0.390968 -0.791004 -2.22516 -2.42672 
-0.559681 0.957092 -0.363766 0.573377 
3.73694 0.967122 -0.865212 1.5993 
1.31334 0.0692612 -1.63155 1.8015 
-3.69279 1.76939 1.23312 -3.48809 
-0.439209 -0.167445 -0.979692 -0.0301916 
-0.988953 3.23786 -0.396454 -0.827257 
-0.903433 -2.92004 0.342182 -2.04254 
2.51508 3.04235 -1.54809 1.74684 
1.02961 -0.297834 -0.835414 -1.4245 
0.775127 0.390422 0.539588 1.65487 
0.147462 -2.47441 4.93185 0.168639 
1.73122 0.500404 1.2709 1.96447 
-0.102891 -0.00870036 1.74548 -0.978411 
1.20774 1.44958 -4.10401 -0.529663 
0.84357 2.39926 -0.670011 0.276222 
-1.93397 0.284487 -2.34731 -1.57647 
-1.26255 -0.240777 -1.35455 1.98969 
0.559799 3.62837 -1.25618 0.103975 
-1.52398 0.562179 -1.26012 1.50655 
3.93503 1.60144 0.22018 -0.44237 
-1.6851 -1.15827 2.16497 -1.75301 
0.0242233 0.926222 -0.848312 2.16795 
2.68984 -0.19851 0.197788 0.755948 
-1.55123 0.00468388 1.5116 4.10211 
-2.72545 1.62463 -2.04625 2.45325 
1.14697 0.722884 1.80872 1.22379 
-2.62572 3.6043 -0.684192 0.911894 
0.67606 0.761569 -1.40932 -0.0552249 
-2.83357 0.883042 -2.20331 -3.40881 
0.163222 -3.25785 -1.478 -0.618232 
-3.8037 -2.03086 -1.17305 3.30339 
1.83085 -1.29327 -1.46145 1.40731 
0.121691 1.83354 -1.47085 -1.24705 
-1.42369 -0.172874 -0.491829 0.303139 
1.39088 2.62424 -1.09763 -0.0737999 
-0.265338 0.876053 1.78397 -0.44032 
-1.96644 -1.33781 -0.83533 -0.0961245 
-0.814556 -0.164857 -3.31342 -2.65951 
-3.59962 -2.16184 -1.66025 -1.35208 
-1.27174 -3.00602 -2.24157 1.43946 
1.69311 -4.5555 -2.44145 2.64217 
1.52162 1.21715 -0.824102 -1.04404 
-0.840448 -1.43093 -1.03419 1.6304 
0.270634 -3.06247 -3.12885 -0.0382215 
0.861349 0.145154 2.46799 0.0165695 
-2.29726 -2.34178 -2.04298 -0.0654728 
2.05029 -1.01147 -1.83789 -0.0786228 
-1.3677 0.439738 1.70618 -1.46314 
-0.159918 -0.286817 0.00168137 0.464251 
0.609462 1.96615 -0.618863 0.669333 
-1.26288 1.45167 1.21211 1.40788 
0.625615 0.0110394 -2.05682 -1.08486 
0.777049 0.251588 1.0532 1.6092 
-0.688043 2.1804 0.726288 -0.768039 
-0.488214 -0.337324 1.37204 -1.66494 
-1.6696 1.87211 -1.11281 0.650152 
-0.0419056 0.645677 1.90702 -0.827688 
-1.79032 -1.02525 -0.0831625 2.98732 
-2.21811 -1.67334 -0.65466 1.2363 
3.18119 -2.48071 0.832025 -1.60836 
0.0474055 2.04375 4.77555 2.69794 
-0.403898 -0.0502091 4.37467 -0.682889 
-1.50449 0.696698 -1.73402 -0.799354 
-2.59936 0.762357 1.20545 -1.40367 
-2.14144 1.98392 -1.01995 1.57783 
-2.68752 -0.847099 -0.375459 -0.963565 
1.21138 1.52279 2.09399 0.496964 
2.24449 -2.77794 1.18493 -0.888395 
1.30095 -0.694017 0.673382 -0.759697 
-0.631992 1.1161 0.865075 0.292997 
-0.905231 2.1247 1.45189 -0.515028 
0.937662 -0.502814 -0.428027 0.64471 
-1.33829 1.67923 -1.86129 -1.05615 
-1.5735 -0.456405 1.37742 -1.60917 
-0.677363 -1.0776 -2.68405 1.38085 
-0.892989 0.725744 -2.35389 0.856756 
-3.38776 -0.382363 -0.405193 -2.47293 
1.4135 2.16086 -1.89163 2.09795 
-2.97516 -0.485691 0.52095 1.06117 
-0.531228 -0.28432 -0.143468 -3.01148 
0.660252 -0.686804 1.93555 -2.17459 
-0.0502713 -1.29142 0.141535 -1.49074 
1.20108 1.91082 -0.330225 -1.51605 
1.71468 0.570364 -1.54033 2.74516 
-1.15876 0.885614 0.38173 -1.51273 
-1.03328 -0.857427 -0.959246 -1.46081 
0.153218 0.872739 -1.63666 0.108611 
0.152239 -0.585331 -0.239155 -2.5366 
-2.92384 -0.0310154 0.20082 2.54694 
0.396435 0.138266 2.93868 -0.158583 
0.369532 2.14332 0.529913 1.35429 
1.58246 -0.184124 -0.92791 1.30534 
1.05177 -0.64941 1.7526 -0.563449 
-0.214303 -0.114573 -2.08943 -0.0507545 
-3.40246 -2.77144 2.35957 1.88173 
0.289284 -0.416254 0.97377 -0.754091 
0.633677 0.846547 -0.255632 0.747693 
0.133169 -0.259695 -1.35933 0.452967 
1.00925 -0.292191 3.62255 -0.898174 
0.926128 0.401929 -2.53046 2.49109 
1.09903 -1.47841 -1.27575 2.88597 
0.672132 0.609678 -0.381416 2.45451 
2.3838 0.441827 -2.70094 -0.334755 
-0.802173 0.286211 -0.707846 1.62256 
0.982076 -0.994481 0.858042 2.08556 
-1.48849 -0.811966 -3.5782 -0.515265 
0.663685 1.72384 0.15733 -2.62687 
1.50882 -3.58246 -2.84262 -2.20778 
0.60172 1.53754 -1.14163 -2.929 
0.148435 -1.81262 -0.708507 -1.74253 
1.03135 3.43636 -2.04642 0.850342 
-1.85968 0.378811 3.75346 2.99678 
-4.08146 -1.11016 -0.432616 -2.63158 
-2.06377 -1.49015 -0.856069 1.11492 
-1.26986 0.88137 0.30138 -1.15973 
-1.08186 -1.23321 0.327501 1.3717 
-0.903365 0.489189 -2.01735 2.10857 
1.09511 -3.54548 0.120095 2.74448 
-1.0925 1.68372 -1.63949 -1.37438 
-0.66283 -0.260177 -1.2554 2.93332 
0.521921 0.449708 4.70364 -0.228137 
-0.374705 -2.89048 3.44906 -1.09723 
-0.735244 -0.801472 -0.401268 -1.37313 
1.90696 -2.43723 1.28074 0.842534 
-3.28513 1.47284 0.293449 -1.14105 
-0.525792 0.369209 -0.0740241 -0.137716 
4.0542 1.0088 -1.73306 -0.809969 
0.695219 -2.95385 0.150908 -2.67988 
-0.153377 2.19357 1.55551 0.171384 
-3.77444 -0.849039 2.89277 1.22728 
-3.24448 0.685815 1.83191 -0.303819 
4.11756 -0.385717 -2.34826 0.057091 
-0.466137 -1.63718 -0.659798 0.328006 
0.721993 -1.15298 1.59801 -0.476527 
-2.11179 -0.234258 1.49591 -0.161118 
1.95872 -2.04127 0.0370842 1.23301 
1.75776 0.266427 -0.54814 1.71512 
1.13143 -0.0152872 -1.20691 0.101485 
2.34745 2.66022 1.33102 -0.870955 
0.449352 2.35382 1.93223 0.710429 
-0.09245 -1.21583 0.0688537 1.37688 
-2.20897 -1.06933 -0.658781 0.964192 
2.62576 2.87187 1.74081 1.00156 
0.825918 -1.29449 -2.58453 0.744783 
-0.0386967 -1.74486 -0.379634 4.16995 
0.502438 0.479804 -2.83732 -0.667133 
1.21214 -3.15106 1.79216 -0.436652 
-0.779383 -1.24162 -1.15843 -2.8133 
1.4382 -2.68815 -2.57103 -0.37212 
-1.73801 1.32478 1.05492 0.462818 
1.23582 -1.34242 3.21113 -0.108116 
-1.36223 -3.70918 -1.68887 -0.889564 
0.534851 3.04043 -1.11093 -3.07086 
0.517083 -1.13615 0.444837 0.720167 
-1.45593 -1.19054 1.81107 0.535862 
-1.25212 1.82189 -0.409276 0.727425 
2.13174 -1.54429 -0.389598 0.890665 
-1.48823 -0.46359 2.05134 0.0648596 
-1.70192 2.79461 -1.27841 1.73514 
-0.391355 1.19419 -1.78434 -3.24429 
-0.975374 0.784417 -2.02436 -2.45268 
-1.07664 -0.94181 0.991646 -0.0038048 
-1.1474 1.74097 -2.06629 0.181994 
-0.206951 1.49229 -0.192107 -1.16337 
0.266147 -3.08738 0.999865 0.191428 
-0.937126 -0.477459 2.39277 1.55299 
-0.922303 1.20087 -0.632435 -0.99879 
-1.17941 3.39954 -0.50387 1.20043 
0.718641 -1.0045 -0.957891 0.448218 
1.34304 3.57632 -1.0555 0.0226403 
-0.613557 -0.224379 1.28426 1.44077 
-2.16639 -1.91175 -1.89655 -0.223501 
0.903785 -1.19403 -1.55071 1.16736 
2.68625 2.22963 0.279695 -0.514481 
-2.21458 -2.32206 0.887375 -1.37267 
-0.0585466 -0.233066 0.0692459 0.718376 
-1.14763 0.550511 -1.35546 1.74367 
1.76377 1.30233 -2.02358 2.19019 
-0.834245 -1.50126 -1.31301 -2.43332 
1.35602 -4.78287 0.809848 0.0131317 
-2.19801 -0.177895 2.50261 1.12284 
-0.629304 -0.180178 -0.573995 -0.892157 
0.587881 -0.110893 -0.124345 1.38484 
1.36001 -1.86993 0.297329 0.74007 
0.507952 0.151671 0.230018 0.541825 
2.90109 -1.16133 -3.67031 0.915315 
2.48649 0.427359 -4.69982 0.239274 
0.571104 1.35688 -1.44503 0.447289 
-0.18215 0.226545 1.33693 1.50122 
-2.57396 -1.00122 -2.28952 -3.6373 
2.1959 0.643921 0.0115 0.0877162 
0.168899 -1.41798 -0.623517 -0.301967 
-1.08016 -2.02613 -0.614684 2.63634 
2.78381 -1.53708 1.07942 1.47558 
1.09286 -1.50479 0.497393 -1.50851 
0.327156 0.546092 0.777595 -0.815728 
-1.07013 -2.17795 0.81662 2.32524 
-1.0668 -0.801844 0.986222 2.17628 
1.15482 0.728647 3.40818 -2.04814 
0.0867655 -0.193186 -3.5275 1.49129 
0.144851 -0.863386 -0.585194 2.67148 
-1.37587 0.92918 1.94293 2.01532 
-1.61128 3.54269 2.22914 0.524381 
0.0108724 -1.88078 -0.624247 1.81843 
2.13873 -0.597524 -2.07057 -0.827176 
1.1622 0.654573 0.029236 1.00433 
-0.75151 -1.11505 -0.6868 2.10716 
2.97355 -2.18433 2.41456 0.425169 
-1.88807 1.82731 0.446087 -0.743872 
-1.55125 0.13234 -1.20612 -1.1085 
0.162876 0.575028 2.35079 1.31034 
-0.0581691 1.02411 1.66351 -2.64179 
0.504777 -3.13847 -0.836797 1.24449 
-1.56703 -1.97666 -2.14502 -0.188504 
2.33517 -1.55959 -2.40053 -0.818969 
1.59064 -1.12679 0.549924 0.962476 
2.12163 -0.612772 -1.25071 -0.547698 
-0.097837 0.793046 1.10505 -0.368258 
1.89509 3.11693 0.381911 2.63677 
0.4323 1.01421 -1.4086 -2.05741 
-0.41263 2.33073 -2.18341 -1.28894 
-2.48835 -2.30142 -1.26777 -1.89471 
2.12548 1.09225 0.425598 -4.08732 
0.352383 0.25054 1.89704 1.8554 
1.19344 -0.863494 -0.361238 3.49467 
-1.39052 0.218541 1.53488 0.994277 
-2.39401 1.44912 -2.22392 2.08263 
3.45645 -0.86132 -1.63636 0.725424 
-0.616384 -0.42208 0.740468 0.293975 
-1.85569 -2.80116 1.68268 -2.1583 
-2.13782 -0.979114 1.33634 2.03766 
0.411428 0.904436 1.6809 -3.36049 
0.350443 0.801377 0.224428 0.310456 
-0.0772743 0.324003 0.873692 -0.839839 
-0.933565 1.12627 0.00795515 -3.8672 
-0.911103 1.43491 -1.95376 -0.174379 
-0.139108 -2.03554 2.85184 -1.51431 
-2.4987 2.09719 -0.212985 1.07999 
-0.60348 1.48334 -2.11788 2.28356 
-0.219421 -0.605922 -1.55869 -0.793467 
-0.0447041 0.32581 1.34452 -3.62578 
-0.112504 -0.764225 0.155911 1.60203 
-0.454281 1.00241 2.40483 -0.293195 
-0.342301 2.26809 1.88413 -0.172779 
-2.00292 0.855517 1.79992 1.94082 
0.406067 -0.821835 0.895274 -2.1685 
-0.243925 -1.76995 2.90218 0.274576 
-0.0979025 -2.87327 -1.16396 -1.00377 
-1.24467 1.82306 -1.70483 -0.144917 
-2.40797 2.05734 -1.84413 0.217639 
4.87231 2.33641 2.82447 -0.414178 
-1.29326 -2.18946 -0.761769 0.356833 
2.5183 0.31466 2.2095 -1.32974 
1.58766 -0.141026 -0.469656 2.99639 
0.670434 -0.644876 -1.86381 0.138277 
-0.314823 -2.40071 3.24956 -1.70976 
-1.38335 -0.645569 -0.80196 -3.46469 
-0.0883015 -2.29008 2.25651 3.67158 
-0.442409 1.74406 -0.939575 -2.13706 
-0.740964 -0.654414 1.24112 -0.104582 
2.41012 0.860531 -2.26921 -2.89083 
1.32584 3.16661 0.108514 -4.62034 
1.71008 -1.38333 1.89915 -2.48858 
4.46821 1.53583 -0.233801 1.85721 
0.2275 0.186034 0.100467 -0.0339802 
-3.60248 0.221121 0.54012 0.476858 
-0.221836 -1.67275 0.448594 -2.31625 
-3.30197 1.56358 1.42567 0.124039 
-0.512831 1.52911 -2.71551 1.07884 
-3.00981 1.83214 2.6808 -1.74088 
-0.486228 -2.07951 2.91872 1.0421 
-2.61242 -1.49824 -0.606702 0.577325 
0.648022 1.95539 -2.53173 2.03957 
-1.28435 1.97176 0.155203 -0.144424 
3.3316 -1.63438 -0.377198 -2.25132 
1.60468 -2.40643 2.68784 0.105081 
-0.175771 -0.661485 0.872138 0.801944 
0.635312 1.11056 1.49556 -0.809496 
-1.53414 0.106192 1.02495 2.12383 
0.641645 -3.314 0.50199 -0.68495 
-1.74736 -1.34607 -0.582903 -0.747723 
-2.53736 -2.01735 -5.47885 0.370459 
1.67669 0.900642 0.0673719 0.504628 
-1.70456 0.080068 -0.746287 -2.85094 
-2.56373 -2.89152 0.681261 0.0882838 
3.30036 -2.40106 -0.916794 1.45092 
0.503972 2.4086 0.229446 -3.04578 
1.65482 1.14404 -1.59727 0.240446 
-1.70772 1.08386 2.4743 0.859161 
-2.27041 0.0809054 1.07473 -1.79074 
1.78234 3.6131 0.0309001 -0.405851 
1.0261 -1.01282 1.15701 -0.463322 
-0.205656 -0.616628 -0.301084 -1.69557 
1.24673 -1.06447 5.66567 2.24393 
-1.89827 -0.63632 1.11888 -2.33144 
-2.07188 0.955836 3.07989 1.47868 
-2.86084 -0.738755 -2.55191 -0.247746 
-0.674652 1.00444 -4.51446 -1.63322 
0.925411 -0.573445 0.714938 1.46577 
-2.31567 3.33353 0.126753 -0.791857 
2.20399 -2.34994 1.67361 -1.00502 
1.25187 -0.894659 -0.405548 -0.332295 
0.0983203 -0.16375 -1.50987 -3.59714 
-2.20943 0.80751 -2.38452 -0.735267 
1.14037 -0.231532 1.51533 0.508336 
-2.52615 -0.162228 -0.553564 -0.364767 
2.84078 2.77136 -2.16763 3.85333e-05 
-2.88151 -2.20678 0.355039 -1.28788 
1.36902 0.054331 0.601936 0.413215 
-1.56845 -4.03864 -1.35851 2.3444 
0.499941 -0.607007 -0.334776 -0.923131 
-0.760357 0.442161 -1.61404 0.881676 
-0.930543 -1.62101 0.959133 -1.2023 
0.689129 0.976671 3.57104 0.107919 
-0.256649 0.793488 -1.76733 -3.00755 
-0.914414 1.27573 -2.76287 -2.24493 
0.88307 0.0843346 -0.253156 -3.27487 
-0.384885 1.77735 -1.61159 1.70084 
-0.470879 -1.74642 0.814964 0.228374 
1.38993 0.264936 3.65759 1.42268 
-0.141684 -0.77627 0.158681 -0.523332 
-1.81481 -1.7829 -1.18479 -0.951013 
0.0548876 1.9348 -1.10218 -2.75019 
-1.49938 -1.02264 1.60422 2.52024 
-0.0246914 3.551 -1.88468 0.538974 
-2.65973 2.60884 1.0587 0.200502 
0.865595 0.982687 -0.442521 -1.64212 
-0.0752431 -1.08947 -0.26749 -1.07238 
-0.915112 -1.84954 0.892647 0.24483 
-1.23498 2.10444 0.506384 -1.48928 
-1.6559 1.14055 0.639769 -1.89897 
1.32226 -1.09208 -2.58606 -0.276652 
0.370483 2.2244 -0.903953 0.919253 
2.44024 -0.686245 1.01375 -0.436249 
4.19638 -1.29975 -0.441 1.07483 
-1.44269 1.24485 2.28994 0.25096 
-1.07399 1.6277 -0.960724 -0.759399 
0.450616 -1.71469 -0.309713 -1.06934 
-2.76151 -1.08964 2.30146 -0.13966 
1.65501 -3.20814 -1.76099 -2.52841 
-1.90126 -1.47512 0.0619606 1.7841 
-1.93309 0.0453996 1.72068 -1.17854 
0.000924994 0.843568 -1.31961 2.6442 
-0.104755 0.410343 1.04352 0.302654 
0.171381 4.16861 0.71074 1.16589 
0.0802175 1.08226 2.03967 -0.637853 
-1.24381 -1.01697 -2.18983 -0.200354 
-0.539704 -1.75193 1.62472 0.628331 
3.21396 0.112343 1.52773 -0.308126 
0.489102 0.236255 1.88157 2.48171 
-0.900841 0.552887 0.0636693 1.9911 
-1.37876 1.26248 -2.39532 -0.0979919 
1.71898 -1.61417 2.07915 -1.38653 
-1.56391 0.566505 1.12169 0.0333929 
0.490559 -1.15594 1.5491 3.17011 
-1.59588 1.3473 2.09705 -3.65825 
1.55213 -1.56184 -0.592168 0.810463 
-0.0220388 0.802402 0.897595 -1.45345 
2.60318 -1.9304 -0.181452 -1.60381 
0.467381 -1.89589 -2.04933 -0.325336 
0.888679 -0.191288 -0.739335 2.22684 
-0.63012 0.66321 0.382891 -0.0401154 
-1.13907 -1.26329 3.12947 0.270659 
-1.84688 -1.50773 -1.97492 -0.0352966 
2.09235 0.173457 -1.54484 1.91316 
-0.34991 1.57072 -0.578478 0.786567 
0.892581 2.04866 2.8949 0.606092 
0.304974 1.03665 1.29897 -0.810301 
-2.16027 1.16152 3.77531 0.298164 
1.38992 -1.06544 -0.48073 0.340404 
-1.65364 0.656839 -1.77991 0.225199 
-0.303273 0.274669 -2.31591 0.740411 
-1.95193 1.55851 -0.612362 -1.93563 
-3.0896 -0.0990545 2.37119 -1.82024 
-1.97889 1.33181 -1.241 1.52136 
-0.577939 2.0511 -1.86016 0.779446 
-0.892851 2.66299 -0.100942 0.0486645 
-0.241784 -1.71407 -3.00787 0.0999438 
-0.279422 -0.520919 0.439306 -0.632714 
0.228056 1.05187 -1.92061 1.21397 
-0.387978 -1.40283 -0.826023 -3.16822 
2.12754 -1.87388 1.25184 -0.111361 
-1.86361 -1.6555 -2.49792 -2.15221 
-1.60783 -2.60771 -0.884955 -0.511601 
-1.91763 -0.493566 -1.95305 -0.858017 
0.907904 0.0649999 -0.594761 2.03105 
-0.0413051 -0.911331 -1.39005 -0.434408 
1.26819 -2.1381 -1.56335 -4.18054 
-1.47749 5.14923 0.394228 -0.384072 
0.188194 -1.05119 0.47683 -1.42765 
-1.33155 -1.71009 -0.258801 0.605865 
-3.02839 0.591562 1.44683 4.35693 
-0.727154 -0.907554 0.742631 2.07025 
0.767897 2.398 0.8613 0.650578 
-1.25616 -1.3953 -1.26082 -0.710518 
-3.33859 0.521482 1.02751 1.84629 
-3.83077 -0.849267 1.37659 2.94646 
-0.193669 -2.22831 0.727745 1.76064 
-1.29746 -2.84162 2.12341 0.0334993 
0.214836 2.68085 1.17833 2.33509 
1.90561 0.420756 -0.613741 0.593643 
-0.360363 -1.01439 -0.827929 -0.0942737 
1.49802 1.08703 -0.853471 0.590493 
-2.15871 -1.9942 -3.04526 -2.57106 
-1.53 1.23025 2.05228 0.816004 
1.22786 -0.770398 -3.01887 -1.93738 
1.99448 -1.01358 1.65684 -0.616026 
-2.81275 3.09933 -0.900308 1.38266 
-0.506247 -2.76386 0.784921 1.75273 
2.10557 -1.03808 -0.116006 1.64593 
-1.90393 1.10394 2.48203 -0.230001 
-0.891866 3.08782 -2.42805 2.33013 
1.26856 2.77199 -1.69119 1.20466 
-2.7026 -1.01658 0.527818 1.78571 
0.8254 -0.432679 0.830761 0.881012 
0.973786 -1.58004 -2.63827 -2.20958 
-0.24285 -1.15187 -1.52507 0.0343668 
-2.56391 2.03427 0.169964 3.42865 
-0.686094 -1.15488 -0.317976 -2.91279 
-0.937802 -1.42609 -2.80874 -0.371156 
-0.609603 2.1361 -1.00253 0.437752 
0.51669 -0.956578 -0.0255534 -1.8336 
1.29828 -0.369788 -4.21743 -2.55933 
0.445652 2.74483 -2.47388 1.11808 
0.569246 0.181106 1.21948 1.52487 
1.07583 -0.774018 0.0181229 -0.058696 
-0.891554 -6.88631 3.13108 0.518398 
0.58771 0.194944 -1.97047 -0.456816 
0.864453 2.04109 -0.359886 -1.41627 
-2.04972 1.61536 1.27062 -1.46687 
-0.71707 1.81143 0.328486 3.37431 
0.855113 0.264618 -0.305657 0.766949 
-0.302572 -1.30681 1.54464 0.538712 
0.813199 1.77296 -0.753599 -0.0778592 
1.19436 -2.35236 1.70387 -0.336763 
0.0488665 0.577794 2.23644 -1.94786 
0.22351 -0.0256095 0.411241 0.104759 
0.334853 -1.19965 1.61738 -0.0856651 
-2.34176 -0.0293863 -1.31404 1.04127 
-2.48399 -2.48353 0.41443 -5.12477 
-0.0277927 -2.02251 0.0337258 1.21693 
-0.890898 -1.02203 4.15043 -0.749345 
-1.3272 2.13116 2.0017 -0.0275094 
-2.35321 0.156545 -0.954707 2.04491 
1.82999 -2.38204 2.16487 2.06495 
-0.363248 -1.43124 -2.29187 -1.37079 
0.95424 -0.445163 -0.829541 3.25148 
4.01998 -1.84368 -0.614971 1.47143 
2.08451 2.09891 -1.89625 -0.796313 
-0.68853 0.101579 0.149338 3.16516 
-0.025908 2.43701 -1.19034 2.07293 
-0.139729 -0.695284 -1.0406 0.470045 
0.813279 1.53637 0.824806 1.14682 
-0.644547 -0.144501 0.120145 2.52431 
-1.92142 -1.38984 -2.27385 -0.740708 
-2.58719 -0.546146 -0.385926 0.834024 
0.914333 -0.968263 1.75323 -0.665225 
2.56761 0.180521 -1.26222 0.491264 
1.21458 0.384892 0.844616 1.65753 
-0.13185 -0.429609 3.92472 0.523656 
-0.437072 -0.0211187 -2.29381 0.548084 
-0.630473 -1.50231 -0.793201 1.01779 
0.914348 -1.08683 0.964496 -3.80141 
-1.64234 0.333049 -1.23306 -1.88106 
0.76951 0.517805 -1.11789 -2.59122 
1.62813 -0.377866 -0.900218 1.79313 
-1.39002 1.06719 -1.66557 -0.6984 
-0.569424 1.86155 2.91846 0.279552 
1.62785 1.67482 1.45124 3.62241 
-0.69588 -0.518987 -3.5566 0.837317 
0.288627 -1.64033 -1.72978 0.326468 
0.275333 -1.08138 -1.87668 2.0696 
0.901869 1.02202 1.97511 -2.55508 
-0.279415 3.21796 -1.32737 4.27558 
-1.81445 -1.88571 -0.0730381 -3.02183 
0.442739 1.17453 -0.586845 -1.21855 
-0.324439 2.70735 -0.977851 -2.4175 
-1.53318 -2.2419 -0.11523 -2.27332 
1.42361 -3.36306 -1.97452 -0.251939 
0.0835673 1.44146 -0.0341673 -0.883018 
-2.1691 2.79114 -2.39491 1.34106 
1.55361 0.837855 1.39799 -2.39385 
-2.18203 1.97659 -3.11249 1.96841 
1.37192 1.39802 -0.697278 0.330256 
0.339208 -1.07054 0.0486691 1.04933 
2.47479 0.473385 -1.687 1.43737 
1.01696 -2.21394 1.19726 -0.602121 
-0.943123 1.09887 1.07409 -2.03046 
0.665964 0.0289117 -1.90598 -0.922812 
-0.240224 -0.7713 -0.0304467 -0.148683 
0.00767892 0.214835 -0.923863 -0.465799 
-0.230675 0.742622 2.9579 1.94202 
-1.5495 3.78831 3.86186 -0.436129 
-2.66516 0.418049 -4.58546 0.613595 
0.294614 0.726991 0.289666 2.23842 
-2.0286 -0.931004 -0.0894508 4.28198 
0.0176646 2.05319 1.16573 0.932903 
-1.60762 -0.79185 1.27077 -0.779839 
-1.25571 1.02459 0.930441 0.348262 
0.250805 1.82382 -1.34839 0.775147 
-3.6646 2.50952 -0.498537 -0.473871 
0.992526 -1.42954 -0.55388 -0.231585 
-2.80612 1.2378 2.11749 0.735507 
-0.988244 -1.48758 3.42783 -2.93849 
-1.75211 2.07499 -1.34114 1.56969 
0.671114 0.830277 0.61698 0.552344 
0.297841 2.86731 0.282621 -0.181162 
0.652082 3.70586 0.499661 1.5064 
-1.60419 -1.26899 0.981063 0.429209 
0.219188 3.92845 1.32314 2.96785 
-2.2395 -1.60246 -1.74551 -1.90407 
1.04696 0.763401 -2.73417 1.38015 
1.90851 2.19302 -0.666485 -1.1881 
1.39325 2.12242 0.182603 -2.85678 
-0.552239 -2.21553 3.10803 0.920403 
2.28539 0.475855 -2.00921 0.355683 
0.878143 -1.11388 3.15063 -1.50591 
-4.45167 2.18046 -0.318688 -0.600433 
3.66205 -1.77503 -0.928916 1.71763 
-1.50554 0.717683 0.54545 0.673514 
0.959993 -0.0728425 -1.18304 0.251838 
-2.115 -3.40282 -1.70129 -3.34744 
-2.01754 -0.0934624 0.16743 -1.62153 
-1.323 1.26211 -0.577386 -2.05613 
-1.81764 2.15921 0.188753 -1.6865 
1.08524 1.35043 -1.092 -1.16787 
3.54078 -1.85535 -0.637817 -0.238054 
1.93647 -4.57942 -1.33553 0.941204 
-2.63406 3.94581 2.11921 0.257566 
-1.22499 0.596873 2.68893 2.19965 
-4.37863 0.373349 1.36455 -0.423252 
-1.12609 -0.783835 -1.53141 -1.06555 
1.99995 0.506767 0.897194 -3.02584 
4.35702 -1.65308 -2.9323 1.31771 
1.29222 -2.63489 1.4625 -1.39179 
1.35266 -0.752053 -0.446351 0.581303 
3.44028 1.89946 -0.27114 -3.03008 
-0.465775 0.0176461 2.40789 0.39339 
-0.285043 1.38319 1.37793 1.15133 
-1.55833 -1.33953 -0.507099 -2.15018 
1.39062 0.240088 1.70761 2.08286 
0.682755 2.08115 0.173627 -0.44578 
-0.55087 0.555072 0.713657 -0.871243 
-0.24839 1.45397 -0.00122399 2.12723 
1.38273 1.53076 -0.0498876 1.61159 
-2.09423 -2.00218 -1.24575 1.90749 
-0.932632 4.53872 2.30134 0.0564472 
0.293104 2.48929 2.03479 0.0746499 
0.7728 -0.575995 0.060051 1.66321 
-1.94882 -2.8222 -1.90557 -3.28712 
-2.73491 -2.72559 0.385544 2.05117 
0.884254 -1.18543 1.54866 -0.893949 
-2.8683 0.0338927 -1.57683 -1.54083 
1.35141 -1.38896 4.09149 -0.75632 
-2.02223 -4.16405 -0.123216 -2.11157 
0.198731 0.420449 1.42164 -3.30238 
-1.42184 0.857316 2.67308 2.67989 
-0.132968 -0.309031 -2.45591 1.64435 
1.30012 -2.91448 0.847766 -3.73341 
-0.928917 1.13955 -0.126607 -1.30757 
2.26489 2.89293 -0.901335 -0.988748 
-0.0839988 -1.02025 -0.572944 -1.31258 
-0.189564 3.4457 -2.60659 1.18659 
2.30116 1.25478 -1.14665 -0.0141759 
2.43257 0.990914 2.31606 -0.684621 
0.274985 -1.58518 -0.203591 -3.12742 
-1.34967 -2.27523 0.713257 -1.04509 
-3.22745 -0.193325 -0.464079 -0.670495 
0.50678 -0.0939261 1.34129 -0.113665 
-1.2258 1.13497 2.07978 0.448902 
1.13623 -0.51603 -1.72131 -2.10486 
-0.885747 2.62982 -0.968915 1.57766 
-3.66445 1.40328 -3.6947 0.372079 
-2.43062 1.54686 -1.32489 -0.360403 
-1.36314 0.550169 0.49092 1.48079 
2.68547 0.587559 2.12457 0.0132337 
-0.932783 0.941571 -0.410204 1.37961 
1.96511 0.797374 -1.04224 -2.29691 
0.566756 2.17295 -0.596215 1.10631 
-0.857274 -3.23722 -2.95155 -2.12445 
0.189428 -0.435553 0.990196 -2.08651 
-0.236801 -2.97108 -3.64367 -0.147453 
-2.17398 0.607815 0.012854 2.49532 
-1.0079 0.0128665 1.53933 1.1693 
1.56655 -1.65684 -0.368516 2.88718 
1.51127 -1.14777 2.24364 -2.07606 
0.81319 -1.51106 -0.298112 -1.26062 
-1.13759 2.63406 -0.198994 2.39936 
0.355519 -0.190231 2.0562 1.24395 
-1.90063 -1.19276 -0.184406 4.00054 
-0.0744838 1.59629 1.19867 -0.0969437 
0.966382 -2.19514 1.50795 2.59762 
-1.67783 -2.91566 -0.445305 1.19782 
2.67668 1.26531 -1.20463 0.677727 
-2.17087 1.73122 -1.8574 -0.956702 
-0.419024 -0.0123688 1.26954 -0.670349 
3.37673 -1.81905 0.628271 0.808678 
1.19666 3.21942 2.0924 -1.4753 
1.63635 1.7347 -1.56958 -1.06586 
0.520691 -0.308408 1.46571 0.398088 
-3.2847 -2.03023 -0.266713 2.40089 
-0.0148806 -0.256774 -0.509706 0.935074 
-1.14129 0.26328 0.181392 -2.42296 
1.0381 -1.8092 0.104219 -1.13138 
1.89823 0.732058 1.82546 2.55402 
-0.393049 0.454247 2.12223 -1.97441 
0.506457 1.34958 0.224803 -0.19675 
-0.801125 2.02591 -2.32988 2.43873 
-0.376913 -0.610286 1.53682 -1.74211 
0.578233 -0.260195 0.304099 0.113288 
2.10273 -0.381986 -0.0533293 -1.1885 
-2.79957 0.312812 -0.172566 -0.617143 
0.405759 1.01414 0.247881 -1.53764 
-0.33739 -1.12222 0.961981 -1.7705 
-0.192764 3.20598 1.99466 -0.812887 
-0.0560675 -1.78326 1.48295 -2.78559 
-4.97928 -0.476574 0.363339 -3.12638 
0.452776 0.149328 -0.0891562 -1.54072 
-1.79807 0.985293 -0.960286 -0.105254 
-2.2097 -1.14733 -2.42095 2.18649 
1.12236 -0.00590152 1.54738 0.392561 
3.50728 -0.514059 0.187007 1.20466 
3.32949 -0.313124 -1.80836 0.252924 
-3.53029 0.00762059 1.01998 -0.704537 
-0.0662048 -2.21448 -0.587792 1.00314 
-0.377096 0.359361 -0.768978 3.61949 
-0.950737 -3.43467 -2.76129 1.75878 
0.195884 0.568919 0.207496 3.25091 
-0.08992 -0.935297 -0.694244 1.10161 
2.5538 -1.93669 -2.23932 -1.97075 
1.54919 0.229592 -1.25494 -2.03017 
-0.269254 -0.522536 -3.10233 2.95618 
0.36097 -1.03188 -0.980149 -1.77145 
1.63364 -0.371631 0.997724 2.04639 
1.02679 0.323338 0.362748 0.412509 
1.18935 -1.94188 3.89246 3.44203 
-0.737518 0.0700108 -1.23261 -2.83334 
1.14792 -3.48988 0.437727 1.77819 
2.70788 -2.41634 -0.988319 -0.390187 
-0.561601 1.82171 -2.51207 1.63777 
-0.400999 -0.682574 3.66302 1.13984 
-2.73116 0.343684 -1.73393 2.25462 
0.460257 -1.03888 0.579653 0.94045 
-0.586525 -1.19179 2.4245 2.13917 
-0.266377 -0.546386 -1.09084 0.696979 
-1.03184 -0.742673 -1.30495 1.01282 
-0.945272 -1.21471 -1.08131 -0.365702 
1.52485 3.53597 -0.614995 0.732196 
-0.645195 -0.861045 -1.88949 1.20068 
-0.526867 1.26163 -0.300616 -0.257775 
1.51749 0.697213 -2.71115 0.887339 
0.895822 2.05422 -0.0164043 1.55913 
-0.183582 -0.422086 0.0460852 -0.812434 
0.907144 -2.31003 -0.677487 0.857031 
-0.7207 1.8268 0.10812 -1.18943 
0.791342 4.46113 0.100301 -1.99834 
5.14126 0.104261 0.586196 -3.66336 
1.51775 1.5113 0.483362 2.75212 
3.15169 0.436618 -1.29622 1.98145 
0.0137902 7.35959 2.92005 1.77886 
-0.00425925 1.74614 -1.30532 -1.07375 
-2.05255 -2.90469 -1.45403 2.45867 
-1.1287 1.03006 0.454549 -0.368748 
-1.45231 0.830921 -1.16591 -0.577772 
2.44594 -0.759202 2.87675 -4.63421 
0.947186 -0.178042 1.28952 -0.813779 
-0.306897 -0.420078 0.278834 3.19484 
2.47708 2.23961 -2.17571 -0.00515553 
0.0446177 -0.212527 -0.455566 -2.20039 
-0.733427 3.25287 -0.262166 2.56411 
-2.12817 -2.10045 -2.00758 0.980997 
-2.03873 0.454345 1.93417 -1.36084 
-0.735386 -0.163875 -0.943385 -2.22786 
3.55958 1.41978 -1.83161 2.18622 
0.0794545 -0.445549 -0.587816 4.78822 
-5.34435 2.03567 0.507846 0.0934942 
0.194654 0.897173 -1.86364 0.705291 
-0.620945 -0.401714 2.34586 -2.14568 
0.442478 0.9226 -1.475 -0.101265 
-1.68546 -1.19658 0.351639 -1.06235 
1.74101 -0.156101 -1.80937 0.261866 
0.464069 -1.39584 2.94627 2.57016 
-0.940819 -1.04468 2.13297 0.391009 
-1.26254 -1.80335 2.43203 -1.45764 
-0.576026 1.084 -0.391209 0.531737 
-0.885425 0.0121307 0.475758 -0.136967 
-2.28639 -1.68758 -1.29217 0.16055 
-0.118437 0.93325 0.477577 -3.57479 
0.230084 1.40019 2.03804 -0.503343 
0.00942705 1.39525 -1.32625 -2.06968 
-0.751508 -0.928356 2.22312 -0.99465 
1.07924 -2.53407 3.46885 0.00383704 
-0.568774 -2.05216 1.25615 2.42995 
-2.16411 0.539966 0.288788 -0.538713 
-2.6329 -0.984623 -1.01765 -0.859608 
-0.520676 -3.53296 1.61383 -2.05565 
-4.43524 -2.75299 0.495098 -3.01071 
-0.517659 -2.28386 0.965045 2.17089 
-2.36486 1.21792 -0.528717 -2.3143 
0.547087 0.528294 0.371012 -2.10339 
-0.812442 -0.990841 1.1852 -0.382534 
-0.366568 -2.72213 -1.78034 1.84379 
-0.667932 1.36051 0.0728867 -0.773798 
0.0468849 0.312467 -0.272246 2.44544 
-1.19956 -2.14207 2.15439 0.382678 
1.58492 3.57514 -3.45643 0.298494 
-0.323507 -0.98687 4.36935 0.437748 
-2.42283 0.0926326 -0.0270398 -1.32198 
-3.00764 -1.9184 0.609526 0.853933 
2.32388 -0.454531 -2.07191 -0.724848 
-1.00937 -3.38362 2.28905 -1.57344 
-0.373889 0.616291 -0.324035 1.73107 
2.72905 -0.600982 0.596588 -1.12199 
-0.807259 1.61176 2.00895 -1.89138 
1.28799 -0.363573 2.75263 0.381793 
-2.17395 -0.1958 -1.36149 0.95787 
-0.0583189 1.50702 0.220795 0.13315 
2.51037 0.90253 -2.71609 -4.29168 
-0.703942 2.88702 -2.96368 2.03837 
0.532643 1.71214 -2.28462 -1.8032 
-2.11286 -0.990504 -1.41754 0.714436 
0.686381 0.100687 -0.349746 -0.926535 
-5.02257 0.965604 1.4965 0.0599927 
-1.33659 0.0447713 0.895513 1.39938 
2.29289 0.766879 -1.62189 -0.351819 
-1.93542 -1.5655 -3.15691 -2.59273 
1.56848 -1.44646 -1.3588 1.91154 
1.6668 1.36223 2.09965 -1.61683 
0.193022 0.699714 2.3789 -0.792864 
-0.353622 1.97262 -1.94349 -1.04703 
2.32708 1.07946 -0.835257 0.000474529 
0.132447 -0.789129 -0.80941 0.0686851 
2.95748 -0.888916 1.04129 1.26278 
-0.00312811 0.173457 1.42687 1.28593 
2.25064 0.872921 0.119417 1.89513 
-0.828039 1.34387 -1.33158 0.914369 
0.134172 -3.0542 0.233676 -2.58445 
0.977357 3.31767 1.03111 0.611776 
-3.61882 0.359613 2.25677 -1.02213 
-1.6307 0.68304 -6.41162 -2.34428 
-1.86326 -1.68827 0.295828 -3.57547 
-0.718794 0.369281 -0.233302 0.243415 
-0.618334 1.37668 -3.62044 0.0761484 
0.787939 -2.10103 -1.34627 2.35956 
-0.775931 0.0446447 -0.713017 -0.490096 
-0.189664 0.858176 -0.237796 0.697272 
0.517711 -1.27322 -2.20821 1.83795 
-6.10191 0.140295 -1.99876 -0.765213 
1.20996 -1.80078 -2.13859 0.421601 
1.97567 -0.0383936 3.6457 1.5933 
-0.581168 0.464397 0.833526 -0.314186 
0.820792 1.03817 4.00558 0.883446 
2.00319 1.53152 -0.967929 0.74417 
2.25298 0.0863216 0.83071 0.699057 
3.7673 0.897994 0.64881 -2.30451 
-2.73791 -0.0154702 -1.55001 0.826812 
-0.566604 -3.34429 0.288518 -3.69659 
0.501789 -0.0333622 0.0351833 1.85845 
-0.687117 0.429461 3.99571 0.925294 
-0.953066 0.997135 -0.322286 -2.17837 
2.88121 0.469372 1.43801 1.45693 
-3.66362 0.117028 -0.821179 -1.54337 
0.909699 -1.04221 1.57967 -1.76925 
0.520931 0.243356 1.03457 -0.307633 
-0.490276 -0.679369 0.423083 1.01309 
1.58389 0.0573568 -0.965268 -2.00919 
-1.78217 -0.440685 -1.80593 0.793197 
0.00721353 1.80758 -0.911252 0.219674 
-1.50477 -0.369238 2.22472 -0.899305 
0.531507 -1.21381 0.991459 3.41298 
1.17257 0.412772 0.336307 -0.810535 
0.808143 -0.992063 -0.352195 -0.115938 
1.14689 0.663557 -0.514357 0.737692 
2.06946 -0.557282 1.09933 -0.0368418 
-0.97905 -2.88261 -0.625059 -0.616799 
1.34297 1.44018 0.759093 -0.451724 
1.41783 -2.51875 -3.88652 -2.59201 
-0.853539 1.4614 -0.954419 -0.816268 
0.400323 -0.820704 0.908681 0.374979 
1.84278 0.122926 0.953983 -1.85263 
-1.52676 0.21672 -0.792751 1.90186 
0.127927 -0.633715 -1.29595 2.27285 
2.91093 0.99879 3.16592 0.227128 
-1.72498 -0.599875 -0.127816 0.555049 
0.130548 -3.56279 -0.328358 0.241069 
-0.353989 3.25594 0.271985 -1.56919 
-1.08617 1.56381 -0.0421534 1.23381 
-0.862439 2.22993 0.117051 0.790578 
2.44945 0.423327 0.224315 -0.79089 
1.37922 -2.0442 0.23528 3.21713 
-0.711584 0.803669 -1.45394 0.400444 
0.561856 -0.254707 -1.77808 -1.40152 
-0.603367 -1.08598 -0.258027 0.869058 
-2.40596 -1.41947 -1.27443 -0.635389 
-5.53868 1.7484 1.01201 1.36039 
1.31198 -0.0955386 -1.81345 -0.732081 
3.88793 -1.19477 0.951239 -1.99626 
-0.744172 1.49648 -1.8267 0.387573 
-1.53748 -0.188638 1.94785 3.09645 
0.0866311 -0.154791 -0.221377 0.129237 
2.09582 -0.0439661 -0.230026 0.37932 
1.1762 1.08834 -0.445824 1.80798 
0.270206 0.0202269 3.12802 0.411799 
1.06055 1.64992 1.268 1.0714 
1.88348 -1.9866 1.48969 -1.12761 
0.494141 -0.520877 0.778534 -0.691021 
-0.985375 -2.57151 -0.734711 3.05728 
0.51575 -0.172087 0.475772 0.618185 
-3.36028 -0.48573 -1.80231 0.0343391 
0.428426 1.83132 -1.35333 -1.66395 
0.801723 -0.123025 1.19786 0.948615 
-0.153738 1.09933 0.893151 -0.104502 
-1.14413 1.13617 -0.341559 -3.67691 
-1.69866 -0.587687 1.85232 -1.61059 
1.8304 1.98451 2.08633 -1.23043 
-1.69957 -0.839093 -2.1476 1.87205 
-2.81523 -1.07047 0.0846703 1.86904 
0.914082 -1.48382 1.64108 -0.312881 
0.182049 2.06889 2.34581 0.674889 
-1.66857 1.8317 2.46682 -1.84944 
0.853456 -0.942874 -0.461309 1.81276 
-0.397947 -1.29727 2.88306 0.930745 
1.45734 1.21176 2.43921 -5.39333 
-1.48358 -0.874759 -0.685333 1.1503 
-1.0432 0.403852 0.523069 -0.0639114 
-0.921507 -1.65035 1.06814 -0.583797 
2.21517 -1.96901 -0.80289 -1.89207 
0.621161 0.809222 2.79864 1.50544 
-1.24068 3.58962 3.67162 -2.64263 
-4.6955 0.156598 -0.67863 -2.11108 
-1.24003 -2.214 1.43671 -0.111262 
0.632054 2.3179 0.822808 3.0105 
-1.44718 -0.294043 1.60922 -0.939283 
-0.496163 1.59636 0.691515 