113.086 78.5349 94.1084 112.316 99.6227 
104.962 61.907 119.578 92.6012 108.448 
66.5036 74.6818 116.731 77.8315 115.582 
67.69 115.003 101.899 76.0019 123.659 
91.6705 118.566 82.259 90.7412 108.899 
98.2951 121.667 104.536 93.2432 106.73 
118.611 121.901 113.914 75.7512 73.5772 
117.32 133.35 85.8267 75.1473 89.9505 
116.899 115.048 114.976 113.173 135.184 
123.323 103.282 90.9099 90.8878 128.292 
105.228 75.3356 71.0048 100.802 117.339 
79.0808 122.996 81.2699 98.4498 113.895 
86.5075 87.1106 98.514 80.2496 109.797 
97.3055 101.847 106.325 91.2225 82.3177 
94.8866 120.692 85.306 85.7465 106.837 
36.4646 118.34 84.2033 106.514 94.8817 
69.6402 111.823 98.5306 82.1856 93.5613 
83.3326 121.026 115.98 92.3944 100.959 
95.2306 90.7049 88.6103 118.792 101.158 
81.7295 97.7371 113.587 110.475 104.978 
129.466 68.616 94.5878 137.991 105.868 
127.604 91.605 126.077 68.7808 77.5081 
105.067 63.1064 94.2845 83.1116 114.298 
113.834 124.863 122.973 67.2685 85.1962 
87.541 108.445 144.238 81.142 59.0019 
100.072 91.7078 99.3724 105.873 112.114 
75.6868 87.2585 125.559 107.526 111.092 
118.417 82.3541 102.172 81.4857 79.7958 
121.557 80.8702 87.4446 113.88 81.4122 
98.409 94.3911 103.623 63.0439 94.9653 
129.843 83.2906 93.8343 75.8205 65.1271 
122.948 101.649 86.398 104.449 82.4226 
121.111 108.439 68.8538 84.9796 85.1158 
130.137 55.3598 122.888 99.1924 108.219 
94.2375 107.194 117.101 105.024 115.122 
65.6666 80.8321 66.7005 95.611 82.8998 
107.629 125.423 97.8354 74.202 101.991 
120.601 75.4806 113.484 79.1515 107.395 
96.123 97.7562 64.8954 94.0327 136.979 
110.608 101.745 157.644 112.276 105.924 
122.201 106.787 76.1449 79.568 151.052 
72.7472 107.077 103.578 95.4964 127.674 
109.02 114.476 121.813 98.708 122.917 
67.1307 124.136 112.095 81.4347 82.882 
123.136 121.578 90.2697 146.415 130.247 
75.388 68.812 92.8941 110.563 83.7097 
114.084 91.2242 70.2396 99.4014 94.3899 
77.8084 95.1651 95.4924 113.9 69.4923 
84.9158 101.379 130.816 100.099 134.233 
117.416 117.664 122.355 129.248 93.0799 
63.6308 88.0904 121.542 107.687 145.571 
105.274 97.7548 96.522 75.3913 112.916 
142.068 96.0126 107.357 97.3777 104.308 
99.8046 64.0691 71.7226 117.833 103.303 
115.474 129.399 91.2685 85.4719 60.6434 
89.6492 116.037 77.7056 87.2574 114.741 
111.92 111.086 118.785 122.054 97.6369 
116.062 102.729 105.582 92.217 118.644 
118.136 146.68 63.5924 93.3349 82.0762 
89.4405 73.1965 79.4063 102.78 135.744 
115.795 77.3396 101.773 77.2104 94.0568 
86.9387 79.1411 85.5174 114.686 109.087 
97.7727 86.929 88.7189 98.8757 63.9286 
95.0658 97.9964 98.749 104.99 64.2443 
117.652 77.044 94.5177 76.9987 90.8476 
116.474 133.368 99.2809 140.409 76.5894 
105.414 101.229 105.323 72.7809 102.357 
107.723 75.8393 91.9512 108.415 88.6811 
110.429 58.306 105.559 99.0183 90.0479 
97.1139 111.884 92.6749 118.331 97.7619 
97.9958 98.5049 102.836 62.1581 92.7294 
93.8507 102.67 113.507 100.661 106.091 
109.256 94.6378 81.1873 90.3366 105.693 
88.3875 118.619 114.885 71.3164 119.624 
107.639 120.988 73.6928 94.6808 95.3189 
138.732 99.0598 87.3365 109.784 71.4953 
104.486 88.7726 98.0813 115.537 112.934 
67.7515 66.6237 106.908 79.7101 73.0145 
100.095 97.3782 118.353 85.5583 89.9042 
68.3415 87.2755 102.634 63.649 98.4674 
67.7365 107.224 122.52 131.015 81.5684 
81.9897 90.3669 105.227 73.1957 127.084 
58.0693 77.4798 130.577 83.0236 90.3178 
110.841 117.648 76.3583 103.831 90.9085 
115.402 76.873 81.6162 91.5382 82.1392 
107.581 105.266 122.808 111.958 98.7178 
95.4271 106.111 72.9866 88.5365 125.666 
105.802 127.851 135.219 138.761 140.974 
85.3138 78.6377 77.1929 119.542 117.238 
98.7193 68.2984 125.259 79.9637 112.275 
100.327 95.5231 112.663 117.389 92.9051 
109.055 107.661 74.7197 86.4042 121.963 
118.117 85.8986 110.206 118.761 100.658 
90.782 121.996 76.9549 85.8832 128.34 
72.3153 80.1616 85.5985 73.8319 132.489 
100.325 39.8396 115.05 94.3642 92.4619 
109.043 133.935 104.016 94.3562 100.136 
79.7072 82.5044 95.1595 107.023 119.55 
135.187 86.0662 81.6893 102.397 108.285 
54.1513 98.5302 87.2641 55.8996 103.592 
85.8744 113.09 86.6298 149.367 84.7091 
116.95 84.889 92.7996 104.41 101.832 
105.701 85.3623 70.2539 101.518 75.266 
135.847 105.999 73.4201 129.533 75.5831 
113.449 112.528 80.8625 98.4412 76.4135 
113.233 96.6971 113.274 146.186 128.481 
98.1605 99.4755 83.5041 90.6801 92.2223 
123.051 91.9413 79.6032 99.4433 93.1871 
109.61 115.806 89.6298 120.521 71.6183 
93.8909 81.6761 143.127 118.284 104.346 
143.661 100.019 55.7317 65.3474 98.4745 
93.5261 109.828 90.3757 101.703 122.248 
84.9175 85.6476 84.7786 77.9784 126.185 
106.233 119.225 74.3383 109.146 70.1018 
126.336 137.425 117.543 129.953 111.629 
118.023 119.067 67.2467 126.907 97.8788 
93.8029 83.2621 85.255 132.918 106.198 
85.5943 78.6339 100.024 85.1021 110.116 
108.498 122.893 66.7772 41.3201 131.849 
122.668 83.9255 116.464 91.8041 59.3536 
114.699 86.473 114.137 88.4071 129.23 
99.2407 104.183 114.278 123.852 115.759 
134.339 85.0704 73.6959 106.802 93.6197 
113.798 117.509 115.099 104.458 98.6955 
124.339 104.501 105.462 95.4755 114.156 
120.496 119.854 63.9593 98.5112 96.671 
114.005 86.0639 60.753 129.123 95.9315 
107.296 107.135 66.2209 88.6524 80.3686 
119.448 81.5311 108.226 112.322 104.389 
78.6045 84.0145 93.4506 113.658 88.031 
98.6445 98.6465 69.3505 116.021 94.8937 
65.3307 94.0624 132.903 128.25 88.1464 
103.193 100.603 94.9303 104.819 89.5932 
143.65 116.459 130.89 114.108 121.464 
75.0929 98.9566 112.246 113.803 100.313 
104.863 104.964 57.5682 130.958 91.1704 
68.4462 95.1818 84.4763 83.5347 98.7625 
66.1754 105.89 100.34 106.078 146.94 
102.628 118.946 138.321 100.193 143.89 
106.219 78.3531 109.741 122.658 90.8719 
85.7521 118.912 134.909 114.875 107.137 
126.315 80.9135 136.38 122.846 101.049 
116.079 93.9993 89.0161 107.076 101.895 
97.8734 117.37 75.7517 93.8989 97.4148 
100.39 112.95 86.2754 61.857 88.8693 
90.1424 115.052 76.928 82.183 97.5153 
92.6984 111.282 63.7461 109.384 125.129 
91.4713 105.503 146.055 91.4754 111.311 
83.4182 67.5195 105.042 105.354 113.922 
102.217 148.085 104.122 89.5799 93.1287 
93.1597 78.7509 110.979 146.435 112.812 
92.9844 97.0934 49.2596 92.7331 100.003 
71.9031 102.484 112.449 95.9388 86.5138 
126.537 97.5904 102.17 92.0295 82.3802 
83.7744 93.1887 86.7919 92.3485 110.621 
83.1153 75.0856 105.721 73.0094 122.574 
127.072 74.617 131.086 63.7305 95.3012 
106.714 97.6281 53.8572 130.861 82.82 
115.96 97.96 140.914 116.396 82.2401 
128.056 76.1044 124.757 98.646 89.4281 
94.727 80.4435 144.12 105.715 90.4882 
95.4337 101.021 62.6268 106.985 129.8 
106.775 113.258 78.0754 69.6505 135.695 
90.7992 84.7735 128.027 85.6911 101.527 
121.473 112.486 95.9569 100.308 120.863 
116.861 76.6557 117.314 104.346 86.3836 
114.287 108.569 117.777 102.962 132.924 
96.981 79.1619 86.5401 98.8961 86.5908 
126.723 121.431 88.6313 94.0852 78.0895 
63.5686 132.334 130.943 132.752 94.282 
103.519 111.302 72.0352 100.021 142.039 
99.996 109.126 96.6717 89.4046 66.7909 
106.933 119.652 86.2882 117.297 108.894 
96.3443 130.283 90.624 131.738 103.849 
145.816 93.2575 139.135 76.684 93.6843 
97.0679 105.634 91.1869 155.352 104.663 
99.313 125.685 115.094 76.2949 139.154 
117.063 115.343 106.452 88.7828 93.0803 
110.495 83.4713 70.3735 113.481 99.873 
86.56 55.4354 77.5378 97.4336 135.744 
117.404 67.5979 92.7266 96.7626 122.981 
73.5059 110.936 100.673 113.159 103.268 
103.298 54.8517 86.0128 79.153 93.7656 
65.2631 96.5056 121.206 72.5897 101.836 
101.138 78.6046 120.69 99.8835 101.638 
125.354 148.941 142.352 101.016 129.006 
96.9253 123.897 108.456 96.9 143.93 
99.4463 121.297 106.404 77.8893 60.3409 
135.19 103.133 80.718 129.955 118.515 
151.531 134.545 99.5247 112.82 85.5512 
78.7371 127.882 145.808 69.2294 90.2866 
124.162 98.2207 119.879 81.6673 111.373 
121.541 79.5377 93.8112 75.2496 103.17 
85.4696 71.4049 102.239 117.858 101.553 
90.992 68.6511 74.6078 84.1418 122.006 
75.6287 99.4435 120.622 128.171 105.22 
103.03 99.3429 119.381 97.7254 75.2762 
117.53 62.5323 88.0989 103.984 114.65 
118.351 87.7202 112.042 62.5206 90.6226 
107.613 68.5825 63.8768 104.926 102.98 
88.7917 106.025 111.105 113.876 142.09 
98.9022 103.79 68.6592 42.2063 63.0693 
87.0537 99.1189 104.102 92.3374 127.706 
87.4888 72.6829 112.056 81.9856 109.501 
97.6947 113.516 112.532 84.9849 111.726 
68.9992 99.9289 126.935 91.3156 68.823 
46.6249 108.426 75.8297 106.506 89.9464 
82.9659 97.9964 120.446 81.2198 82.4901 
111.41 76.7558 119.964 135.083 152.263 
129.366 98.4147 91.8845 118.048 119.595 
101.558 55.9817 114.549 95.9523 91.8069 
100.896 74.3086 111.549 83.486 64.6284 
102.502 73.6462 127.63 99.9176 93.8035 
53.7777 67.7953 100.707 107.445 94.3226 
85.4084 85.0371 128.05 104.547 92.9781 
93.8177 126.838 78.4054 138.688 119.941 
64.43 113.772 110.149 69.3385 125.286 
71.4897 91.8018 127.604 92.5847 85.4819 
73.6599 111.813 113.868 109.858 107.624 
85.3036 125.169 81.785 108.017 104.315 
102.445 86.2961 85.4852 76.7407 87.6465 
88.8197 117.079 84.6034 125.195 84.6957 
107.189 123.201 100.311 100.922 79.9019 
137.951 102.704 116.103 108.376 103.103 
104.401 68.9719 127.267 84.8903 127.938 
100.587 77.2604 102.221 79.1863 107.244 
110.691 93.1678 77.8508 101.46 114.371 
97.3888 102.902 56.0499 117.601 68.6959 
95.116 144.217 92.6007 76.188 86.559 
103.769 144.149 89.528 67.2719 132.662 
118.705 99.6463 121.496 130.632 84.052 
87.0808 87.9616 86.5232 106.94 115.233 
113.476 69.2797 101.396 114.17 101.308 
87.5711 110.973 132.749 169.961 98.5728 
76.4099 122.488 78.1577 107.239 138.951 
120.627 99.0562 96.0657 70.6905 89.9623 
81.1771 84.8223 83.9931 123.201 85.5253 
135.297 84.3423 101.282 102.736 113.246 
69.4893 94.4001 131.771 127.571 129.068 
148.096 99.7118 57.3145 122.913 93.0445 
88.8288 117.738 103.791 104.238 82.987 
94.0035 90.1908 112.086 116.508 106.272 
109.376 66.0007 95.6926 119.085 49.6611 
123.94 123.194 83.7744 89.8711 108.955 
113.832 105.664 109.302 84.4817 115.49 
96.191 93.222 81.7401 123.582 121.902 
125.919 47.3946 91.9548 100.989 107.039 
83.1887 120.335 121.325 99.2922 80.4432 
113.349 40.5553 103.811 117.638 124.315 
95.4385 72.5324 79.0807 91.3601 103.05 
123.196 102.646 116.583 126.943 92.646 
94.6116 122.975 115.64 122.022 99.9569 
88.73 85.2996 110.083 106.539 85.7035 
98.8303 76.5909 118.619 137.864 86.5583 
80.3974 97.742 97.0741 77.7023 102.319 
123.145 89.6077 120.719 122.429 91.6523 
133.194 99.3808 111.704 118.056 100.213 
108.222 55.9377 97.9141 85.8129 91.9485 
76.8604 88.9599 93.5927 119.347 99.0431 
67.3632 115.309 126.743 101.528 94.2452 
96.803 103.894 112.709 125.449 94.1325 
51.3607 138.834 98.1187 86.8931 82.987 
108.565 80.9667 91.67 81.8676 92.8573 
99.7636 100.801 120.818 82.1645 87.0822 
113.061 92.9474 80.1236 128.588 109.774 
73.6755 72.9645 120.007 54.801 96.9773 
129.068 75.2356 116.697 64.7308 92.9622 
73.9447 109.258 91.7579 102.376 94.2126 
106.007 103.182 102.081 102.661 113.993 
100.812 116.623 130.894 103.345 79.9178 
52.217 100.401 95.6775 64.8982 76.1298 
114.309 90.5318 106.121 93.3101 91.3597 
88.108 73.0227 75.0142 131.434 105.154 
104.016 88.9358 111.936 106.904 92.677 
117.177 87.7552 124.145 115.909 117.017 
93.4518 123.08 117.381 86.8258 75.485 
102.815 104.363 98.1303 102.68 85.2142 
81.2884 101.62 110.941 83.7093 83.0754 
74.0426 105.527 127.693 103.749 55.8102 
102.806 77.1607 110.537 113.25 128.367 
139.968 126.401 90.3903 115.806 125.866 
81.6101 101.447 110.734 80.3822 75.7727 
117.096 90.7434 96.2313 105.805 104.357 
94.6652 128.936 101.844 89.793 125.677 
108.38 48.2876 113.654 124.606 78.703 
100.821 90.1002 89.0883 108.83 122.55 
69.1436 140.924 147.688 90.2038 115.605 
84.6824 52.0696 81.0192 124.081 111.767 
134.852 99.8503 83.9487 68.4474 97.8443 
85.1107 104.443 99.4053 111.961 81.1496 
87.7212 103.813 114.602 127.154 85.235 
101.825 114.049 81.2901 118.799 112.979 
115.54 95.3656 80.1144 102.835 136.439 
86.8115 99.6457 121.35 93.5641 89.47 
103.788 104.108 131.529 85.2422 74.7914 
79.5241 131.684 99.8365 126.294 93.7715 
73.7872 80.8315 122.623 129.763 94.1277 
103.208 107.092 87.2728 74.692 148.492 
72.1633 81.7143 60.1563 91.4944 95.5396 
107.594 52.5034 83.1814 140.92 78.1708 
78.1801 97.2227 154.173 97.7863 132.728 
81.4342 107.386 94.7854 120.873 101.857 
87.9835 78.8824 81.1814 106.271 95.2644 
125.729 137.866 74.9145 96.9702 121.714 
89.0383 100.607 92.4406 100.194 75.6863 
118.867 147.774 84.4532 95.8704 85.8585 
90.7678 105.918 106.532 110.683 113.785 
81.0581 90.2298 97.2119 82.2305 123.839 
102.684 82.0661 96.1492 134.158 110.06 
110.552 127.966 90.8764 87.9422 66.6449 
124.806 115.138 98.5763 124.078 105.808 
109.861 85.1512 75.3532 119.776 130.197 
92.5897 114.647 117.595 107.493 117.266 
89.2498 111.973 79.5096 90.3889 121.758 
131.467 112.068 103.15 129.224 106.117 
129.894 71.1781 74.8268 115.218 122.628 
66.9962 77.5076 130.408 111.089 79.6468 
104.229 86.6308 88.9453 90.1689 97.5193 
104.584 68.5033 86.4803 139.907 133.214 
54.2662 91.7098 93.5276 112.092 123.134 
48.6891 116.152 123.238 79.0443 131.498 
114.536 101.78 101.707 120.354 109.793 
89.9761 95.6083 143.693 94.169 75.2977 
126.743 121.165 100.957 82.7103 101.932 
88.2367 88.6746 87.7229 88.212 102.952 
98.4214 99.7673 64.5561 98.4306 98.8475 
127.949 132.534 148.862 85.5413 124.336 
108.711 117.37 77.5465 102.583 115.94 
132.506 99.61 91.9467 104.757 71.5932 
110.366 73.7765 81.6209 100.84 116.993 
92.5649 118.465 63.1835 107.763 133.111 
104.375 119.822 92.5215 134.158 128.086 
84.1493 107.946 128.354 83.3555 79.2854 
130.167 60.7278 96.8108 83.8363 90.025 
111.171 100.148 106.703 105.422 71.3164 
73.3654 75.23 87.1914 140.137 126.235 
96.954 88.2626 126.715 115.15 120.089 
72.9612 95.7482 110.692 87.2137 73.7108 
122.731 85.8485 95.6716 69.1808 123.202 
107.875 84.3968 102.022 49.5774 83.8564 
111.992 85.7672 94.4912 100.863 97.0534 
123.897 72.0535 113.15 134.292 137.043 
136.158 87.0463 123.677 117.158 74.1937 
142.877 93.8767 104.63 94.9352 100.639 
100.777 117.96 86.4636 97.6709 88.5304 
113.62 115.691 88.5506 57.7726 115.633 
121.054 111.253 124.761 98.3514 101.255 
104.055 119.338 86.7224 94.5387 109.464 
108.007 95.9481 89.5502 125.054 122.013 
133.74 104.538 80.1808 96.8476 109.083 
89.301 115.094 83.9147 94.0757 100.203 
128.715 84.6038 101.322 81.8916 118.107 
89.2972 83.6007 99.9655 136.84 95.9615 
86.5922 107.135 108.278 124.471 105.655 
93.9659 118.346 106.327 129.959 87.4163 
106.762 63.572 121.356 86.603 96.7681 
70.8241 131.529 80.0641 114.416 79.1721 
127.597 107.256 77.8133 82.1183 91.2218 
115.746 73.0192 112.444 69.6323 58.2339 
138.766 100.531 141.062 120.887 73.5571 
99.5241 79.3699 71.5197 132.857 89.3817 
102.532 92.9071 89.4694 83.7423 75.9832 
99.7879 67.1118 114.664 99.8377 104.429 
84.2898 117.154 102.722 100.364 80.3323 
101.73 82.3529 84.7867 102.513 116.132 
117.102 90.8725 108.702 106.343 122.202 
89.345 117.168 119.123 91.9232 130.256 
94.1106 96.9648 103.577 115.767 70.7564 
118.767 131.624 101.117 115.215 101.115 
139.907 120.059 69.0205 78.0386 122.608 
121.823 112.283 141.161 112.807 107.822 
119.409 112.347 109.994 99.1547 108.839 
100.013 122.545 106.493 117.764 82.8856 
102.698 103.924 80.3674 147.501 87.8707 
91.3189 79.2525 108.48 107.567 138.621 
109.168 113.925 88.001 87.9605 114.432 
125.662 133.651 136.897 88.2119 112.811 
92.2731 90.3284 59.8763 124.026 74.4929 
84.0383 108.679 90.2299 126.215 115.842 
137.635 69.3491 77.4074 111.165 74.5834 
105.704 70.1544 130.635 65.1974 95.0135 
90.7897 92.1326 108.14 117.607 88.8354 
102.287 96.7266 111.34 121.507 79.7546 
110.203 90.0724 79.4009 160.329 78.1945 
73.9484 132.643 84.656 77.297 108.263 
111.565 114.251 110.623 75.6945 70.8556 
78.5126 125.415 82.7282 94.9526 107.173 
130.139 99.7995 106.727 92.8034 107.531 
131.232 96.5591 97.6937 93.9891 93.328 
110.637 93.0039 137.293 94.8292 118.241 
116.283 101.122 76.0941 72.1174 100.559 
102.023 97.1057 102.66 80.1415 119.543 
88.906 63.1348 131.146 110.825 66.5835 
92.0611 106.641 92.6416 98.6658 105.213 
106.128 114.82 116.333 128.217 92.8383 
102.222 114.451 74.7153 121.729 100.764 
95.1466 109.238 98.3966 151.571 106.649 
118.92 81.649 122.397 161.683 121.015 
83.4126 110.138 104.817 90.0621 88.8471 
108.94 147.964 84.3458 107.768 76.4347 
108.067 77.0845 83.0232 88.1693 133.616 
80.4791 100.44 93.5171 130.014 112.025 
74.0969 85.639 86.7506 112.364 119.535 
119.181 112.57 99.9702 112.832 88.7629 
99.8033 112.69 88.437 142.352 94.8877 
92.7672 90.4042 125.499 111.984 72.8913 
96.1363 91.464 114.461 76.8307 97.4819 
95.6576 116.805 116.303 106.945 129.022 
78.0433 49.0934 144.019 105.654 101.677 
117.316 95.6051 90.3059 109.996 97.9791 
94.1635 109.404 68.6329 87.6185 77.1185 
80.9962 124.208 95.2065 90.1155 46.2457 
116.872 124.183 104.188 99.8524 99.5987 
116.065 94.7319 90.9363 83.9628 82.7737 
104.214 92.1715 104.525 100.127 134.374 
91.8774 80.6604 113.355 105.207 68.9648 
83.3901 58.196 83.0465 91.1773 122.221 
102.878 82.2257 89.9875 109.366 82.6962 
108.48 92.883 76.3804 63.7344 94.8034 
63.5595 88.1176 79.1386 105.508 87.4569 
119.304 110.815 58.904 80.8114 100.409 
115.257 90.7636 65.8836 104.203 104.835 
124.62 119.807 128.594 101.65 123.811 
131.789 107.013 95.8642 103.401 81.1728 
86.4872 111.806 89.1477 99.7681 116.542 
61.8304 100.055 91.5426 58.8372 143.76 
117.655 120.452 102.68 114.31 116.14 
117.609 111.149 54.4787 116.682 125.949 
78.6869 81.0614 93.6662 117.148 94.776 
106.095 122.114 119.505 110.127 110.104 
139.699 114.663 128.755 118.585 131.916 
136.891 112.013 86.9072 88.7335 60.6145 
81.3543 104.287 89.7206 105.912 72.643 
98.5575 96.4999 93.4053 67.001 86.0729 
76.8167 86.2026 65.6656 127.206 117.993 
93.4429 101.108 144.548 106.671 120.669 
99.6399 65.4493 109.221 113.418 117.363 
94.9689 82.0421 82.0494 95.2845 123.031 
108.844 127.429 72.8231 129.255 124.778 
113.733 95.5427 90.7489 123.315 97.734 
98.2174 68.9329 109.217 113.634 138.071 
86.1746 124.404 92.3194 120.701 119.288 
101.738 110.291 87.7114 97.0761 83.6526 
89.3883 108.014 105.792 132.867 89.6374 
113.072 117.329 118.502 100.518 112.29 
78.75 102.838 138.782 98.2247 105.795 
79.0357 80.1361 68.333 104.122 92.7206 
96.6118 121.333 98.3655 102.954 99.0498 
116.725 114.788 103.061 78.8819 128.824 
85.3578 102.096 142.911 90.0114 88.791 
114.523 78.6923 96.6849 91.0628 101.022 
105.817 97.0398 146.631 85.4555 87.3648 
94.6889 111.296 87.2305 84.1304 99.9487 
103.264 92.7977 123.284 116.903 115.709 
92.9524 105.399 89.8835 103.021 84.4022 
92.8284 106.798 126.104 113.475 115.916 
58.9321 78.2228 89.8889 112.808 102.294 
92.8407 88.2597 82.6185 91.598 59.1705 
87.4255 113.272 138.745 94.2589 101.519 
84.7102 117.791 123.516 86.5804 94.9821 
61.3035 108.49 70.6207 101.932 138.158 
137.706 90.6129 90.2359 83.4733 110.098 
110.939 100.026 105.289 105.54 84.0936 
98.2355 132.269 86.7685 89.5537 118.141 
91.1291 124.543 145.205 102.145 84.2695 
99.5648 94.0699 76.098 88.9943 83.9641 
124.905 98.7763 122.727 133.484 103.057 
87.43 105.207 117.286 67.712 114.836 
83.4396 76.4417 110.623 106.912 92.6644 
86.3323 90.1901 122.027 73.47 93.9277 
122.804 68.8614 117.857 124 89.3646 
110.259 60.0399 66.8672 79.5145 82.6764 
70.155 110.017 114.315 65.261 103.188 
96.6508 96.5262 93.2553 141.158 99.0053 
63.7957 64.13 96.5289 70.3984 154.43 
77.9444 87.0582 132.151 84.887 111.915 
87.662 128.745 71.037 104.387 91.4997 
127.956 70.0254 88.6 132.52 120.567 
86.5141 106.594 73.3139 82.9334 67.3688 
128.809 52.5067 97.9012 137.83 79.316 
91.2891 82.0274 90.2845 133.456 88.4294 
110.675 100.559 145.621 127.048 86.61 
84.9216 101.231 90.2495 86.0231 77.9607 
92.2623 120.46 109.793 121.311 99.6607 
122.886 96.5969 110.061 97.9047 108.242 
79.3282 114.454 85.0863 87.5913 92.7976 
92.8157 124.926 111.41 86.4728 77.0183 
70.0084 114.906 109.237 89.961 91.9122 
82.7462 56.8453 93.4643 97.5825 108.717 
86.9833 84.6942 104.041 78.8281 83.5513 
145.746 104.88 90.3799 101.912 71.4909 
98.0547 107.188 96.3179 72.35 90.1284 
73.9458 99.0315 130.768 92.8643 126.176 
81.8888 120.275 94.5733 58.189 97.1086 
95.5037 89.7901 102.126 98.4739 57.0239 
122.232 105.822 72.0739 123.177 63.0143 
98.3083 88.693 103.41 98.5242 100.982 
99.7923 87.5848 67.0826 88.8699 89.2359 
95.0845 75.6721 88.3302 108.448 103.018 
72.9064 86.2714 96.7691 103.996 97.703 
134.835 122.312 104.809 65.7096 82.5984 
95.8745 82.7361 82.5177 93.9669 96.5518 
83.4186 106.654 87.2229 96.0309 112.863 
98.0732 135.037 106.331 162.982 123.505 
79.6051 68.3143 93.5029 131.829 119.643 
85.0037 108.764 77.2684 128.293 92.7203 
69.3745 105.097 94.4471 106.879 112.055 
129.158 95.4117 101.702 116.635 108.661 
101.029 90.6855 81.5362 131.397 99.9136 
124.037 82.7384 75.0566 93.7119 100.452 
57.5755 107.679 104.134 67.4804 106.293 
91.0949 90.7371 130.417 84.5657 119.307 
112.506 81.1688 135.57 97.9638 68.7513 
90.1869 63.8481 79.0767 98.2579 96.7097 
64.6195 110.602 78.5554 108.168 147.609 
128.567 84.8639 116.076 113.804 120.202 
93.5432 73.1292 113.051 90.9491 72.4511 
129.372 61.0836 73.6802 72.7543 84.7533 
84.0007 136.705 132.641 100.446 78.1438 
80.7824 117.854 88.3309 86.2766 123.54 
87.6044 114.588 116.195 98.3506 96.0237 
68.2674 97.1527 115.26 88.288 99.7224 
123.098 82.2874 99.7408 93.0053 85.5726 
94.8563 94.0502 122.895 52.1689 115.999 
114.9 94.2332 93.6621 86.3073 92.0798 
75.8999 74.9765 115.567 117.839 59.6685 
110.439 115.512 85.297 133.917 140.999 
115.023 115.437 102.353 79.1801 49.4365 
96.9781 59.7923 77.6261 117.822 106.109 
93.2862 109.125 124.942 55.6343 70.5743 
75.545 85.1075 83.9135 111.971 104.429 
126.379 81.4778 78.9161 117.752 83.2847 
99.3974 111.892 115.731 87.4291 88.3071 
85.2934 98.9476 85.6098 121.938 126.101 
116.11 100.553 96.4723 98.9694 140.634 
59.0471 91.7221 87.1235 89.4775 96.8409 
93.418 81.0924 103.428 96.28 86.8748 
77.6023 122.555 96.4871 112.522 49.3224 
99.5203 92.1213 130.895 122.917 93.1263 
112.763 114.453 108.381 155.115 110.419 
119.276 69.7399 115.266 113.638 103.486 
115.463 108.101 88.4511 105.312 113.902 
109.609 110.884 92.1697 120.825 108.196 
98.8064 95.6962 99.5574 108.005 73.3256 
89.0492 130.142 107.254 149.545 113.487 
102.722 90.0215 107.918 100.929 103.282 
69.0238 128.232 110.247 129.973 72.016 
108.611 137.614 78.7105 93.4464 66.1032 
88.6092 98.1402 106.348 122.17 144.798 
102.596 94.6232 144.825 107.815 137.355 
63.1114 109.095 57.0111 88.3155 83.9383 
72.3965 125.553 82.6761 89.6369 112.176 
87.7237 98.5638 89.1041 87.5575 65.212 
132.296 115.365 91.2697 125.776 105.865 
121.328 73.0421 68.6419 90.2341 109.129 
72.8728 115.488 110.259 106.848 74.9858 
122.994 111.225 93.9209 99.582 153.192 
66.9142 92.7388 108.297 111.306 94.8225 
74.63 93.8197 91.3785 96.5797 54.8384 
93.5414 78.7573 99.8333 78.2059 103.542 
80.1291 123.532 130.608 93.0943 101.228 
81.8403 112.347 118.273 86.52 93.2821 
86.8601 86.9554 89.1617 102.599 113.188 
102.031 84.1515 90.7367 94.0467 55.7138 
109.026 126.69 98.3668 103.544 69.9637 
106.014 99.8094 107.114 134.794 86.9674 
99.0549 96.5679 108.151 93.9736 102.692 
73.6102 100.551 107.83 110.175 108.051 
88.6461 135.378 83.1098 121.024 67.6941 
97.9712 74.8479 93.4386 82.2999 97.0966 
67.59 47.6977 94.5859 77.379 71.8308 
125.873 97.661 74.9904 122.606 99.9327 
115.917 101.394 99.6992 103.713 100.955 
110.079 159.943 129.38 115.089 118.09 
82.7543 105.578 129.108 97.8367 85.8673 
91.9667 96.4773 103.154 114.128 95.6923 
70.8622 104.342 78.7454 112.959 95.5597 
92.6709 99.2315 123.771 117.309 110.216 
137.252 121.56 87.5055 150.615 141.448 
108.035 107.027 102.006 72.8107 88.1658 
100.948 139.274 124.123 102.837 73.3579 
84.9515 91.56 93.5003 84.4238 91.1101 
98.7183 121.638 110.182 118.383 125.353 
86.4293 120.214 106.54 100.043 100.87 
120.437 118.791 108.409 116.354 96.4277 
109.511 129.918 95.1125 92.4305 76.6642 
84.7205 112.715 78.7849 103.848 106.463 
113.735 75.6554 125.182 93.0928 93.4325 
105.235 116.599 82.2382 101.846 100.584 
104.355 109.341 75.6693 112.794 98.4613 
125.424 89.3316 116.493 106.796 114.451 
86.3169 125.078 94.3552 147.952 80.4529 
92.1829 70.7597 98.0154 117.208 128.677 
114.077 80.477 85.1556 108.919 120.982 
100.687 71.8482 50.0047 98.9156 95.513 
64.8852 93.5042 46.5002 149.369 103.822 
90.3809 103.487 104.115 73.8698 110.73 
120.618 95.7088 88.3577 135.367 80.2795 
111.859 86.897 87.6823 93.5365 99.8166 
102.217 81.0089 78.5192 107.235 60.6478 
108.097 80.6648 98.6899 73.9312 106.503 
114.275 83.9415 106.67 101.597 92.7724 
120.452 77.9172 78.1347 96.5621 77.2008 
111.653 89.8013 86.9486 121.376 93.6399 
77.1371 84.8907 121.226 133.371 133.565 
114.036 106.478 88.8843 134.472 95.3464 
112.559 74.7794 88.2811 103.123 116.05 
121.765 105.87 107.528 103.59 123.839 
99.7685 72.1507 117.704 72.2389 114.537 
123.524 123.22 73.0011 117.225 98.9075 
84.0476 89.9576 94.5298 120.995 150.949 
92.4316 115.607 92.5565 76.268 97.7881 
87.0326 108.089 134.629 95.1484 135.328 
89.5643 101.975 137.107 73.9378 78.1212 
126.179 130.916 98.9639 106.017 81.4154 
135.715 125.918 69.8905 140.635 118.7 
143.289 136.646 95.5454 82.4106 104.949 
88.7028 103.076 98.1185 94.585 90.268 
91.9854 112.282 70.6067 112.553 79.2628 
116.218 91.8349 104.364 73.2647 85.6096 
86.0461 95.4603 78.4772 85.2303 98.4762 
120.446 120.245 67.0201 89.8944 90.3784 
77.7924 83.8094 116.59 107.146 117.404 
83.9239 83.0291 105.251 141.271 91.7753 
59.011 96.4619 112.554 104.395 99.186 
85.3692 133.258 103.83 74.896 74.3391 
98.4242 70.5693 95.5335 102.856 108.276 
173.957 89.0609 108.645 118.358 121.721 
70.3781 103.516 79.2416 86.1851 105.173 
113.372 85.7113 77.1923 120.285 97.6831 
113.595 80.0489 91.8452 103.146 101.178 
112.961 112.647 95.6654 135.958 64.6616 
103.894 111.75 94.498 93.1362 110.652 
98.4044 97.217 115.941 100.408 115.002 
119.744 100.371 107.768 115.156 99.7687 
120.418 78.8031 76.2824 91.3452 91.487 
69.1046 121.979 82.7142 113.673 112.315 
57.8117 126.776 80.3543 83.887 94.4678 
77.4077 98.8638 115.602 95.9772 109.009 
114.563 107.728 117.483 97.5359 117.543 
125.498 105.647 117.825 89.2109 106.951 
100.386 81.7047 114.345 112.511 106.807 
83.822 85.7247 91.9183 117.863 102.123 
91.7004 78.7796 108.471 121.821 80.7594 
99 75.4724 103.567 100.702 105.753 
89.1767 99.5396 117.841 81.0078 108.188 
140.281 114.971 123.122 126.566 54.8464 
111.02 119.446 130.041 82.8388 104.704 
102.784 133.207 121.843 84.4332 66.794 
89.9627 112.61 119.212 118.017 75.4892 
114.231 75.4638 96.881 88.046 116.545 
104.789 132.787 109.065 93.8351 124.066 
45.8484 64.585 92.2185 106.24 84.8976 
109.537 126.454 119.15 89.7135 72.2152 
106.082 77.6321 119.407 96.5533 94.7106 
107.67 108.263 69.9955 114.84 93.546 
95.2732 86.8136 101.874 101.189 128.084 
85.0364 98.6407 78.0134 115.749 109.366 
85.334 139.918 115.69 106.289 107.12 
85.3819 82.364 97.7659 74.3326 133.796 
79.9167 85.5928 113.48 77.273 120.459 
93.1123 137.763 87.6348 118.822 115.952 
75.1526 98.7019 90.243 50.3549 78.6919 
116.129 56.503 103.613 151.28 89.9786 
113.461 100.239 96.1477 111.614 83.2624 
106.629 79.6772 115.81 117.279 108.06 
95.3317 111.264 95.362 86.4673 114.773 
121.907 120.582 127.826 102.305 124.423 
134.348 119.558 85.3448 103.507 108.923 
109.605 97.1895 113.548 94.6179 109.079 
106.304 95.7646 110.881 115.756 99.973 
95.9714 118.513 135.431 121.197 121.671 
113.443 87.6214 108.106 88.6466 69.7859 
113.591 119.869 91.0463 108.728 112.915 
118.006 137.31 96.3993 86.8075 88.0527 
100.499 97.0701 89.1219 105.55 119.161 
67.3121 87.4774 87.4145 132.529 90.0929 
93.44 124.596 83.0019 109.983 105.6 
73.6237 141.071 99.6443 105.185 86.7095 
96.2927 99.2247 91.6343 79.6521 122.775 
164.259 48.3908 101.747 115.771 73.3613 
80.6771 112.949 105.234 83.2749 104.934 
93.043 87.4186 83.3655 55.9889 73.8417 
129.399 83.1774 81.6285 113.715 82.0368 
103.668 82.3338 84.9006 86.0243 95.8558 
96.4296 115.469 115.542 83.1888 109.17 
100.938 116.828 86.2735 73.9716 93.7622 
86.1508 97.2121 98.3133 95.7359 122.406 
117.044 89.81 87.8021 126.128 97.5969 
100.098 87.6118 94.8847 113.198 67.1868 
127.536 117.449 109.029 121.385 74.9702 
99.3424 121.435 122.827 127.716 110.542 
126.971 118.371 81.588 93.8642 122.633 
75.7182 99.3799 79.6754 103.138 92.5298 
100.396 122.661 44.4465 115.779 109.853 
84.2982 104.6 83.5326 59.683 102.423 
86.7098 103.631 162.756 100.212 109.12 
85.9494 87.1874 56.0774 93.0242 96.5816 
87.6758 116.066 112.602 99.1857 140.419 
99.0025 81.1201 71.4826 87.5659 86.1341 
109.972 99.0866 93.3591 117.44 107.216 
139.483 90.3859 91.9664 125.412 111.841 
98.093 111.915 79.965 93.5828 107.705 
57.2223 101.88 111.235 92.0627 91.7979 
96.8508 115.345 74.8249 99.6804 70.0064 
83.6292 98.1878 91.8573 131.134 130.322 
85.554 101.223 85.4917 150.503 103.918 
127.032 94.9287 81.3903 102.559 103.366 
86.3428 119.42 108.616 92.6561 105.211 
75.0035 127.875 68.6742 107.943 91.9394 
101.096 130.691 74.0971 98.0311 109.698 
89.3196 103.297 59.6975 92.9019 126.77 
67.6213 111.777 86.5872 80.408 102.941 
126.179 83.8803 102.181 83.0873 103.22 
88.4715 76.1702 96.2927 146.895 89.5914 
86.5962 67.5343 120.866 98.5059 105.898 
90.9728 102.209 111.403 95.592 102.526 
75.5251 118.561 109.618 96.3579 55.082 
148.007 110.692 87.5592 104.778 67.5404 
66.6589 109.27 87.7823 60.1145 143.541 
114.467 105.454 104.624 92.3183 111.751 
86.6356 128.761 116.78 86.7105 83.0647 
134.777 103.297 88.1531 120.574 127.414 
98.1527 130.275 87.283 70.2815 100.938 
110.433 110.761 105.963 135.895 70.786 
67.1849 91.219 72.1424 118.747 140.114 
73.4407 116.79 98.3914 87.2535 123.351 
89.9832 124.217 94.2037 120.847 78.8504 
100.022 83.0724 103.218 98.0149 94.5745 
105.484 129.338 93.2118 114.527 83.9825 
113.193 144.11 100.258 105.62 124.633 
89.7129 67.2037 73.633 82.384 109.325 
115.803 91.9739 85.5717 114.64 100.845 
89.0938 118.265 93.4967 118.411 85.5732 
104.248 93.7658 113.668 81.2407 103.799 
123.397 75.3757 81.3102 101.21 96.3196 
98.2673 88.4712 119.087 89.1063 97.6493 
113.833 126.174 80.5505 100.047 106.772 
96.9857 93.6917 97.9596 75.3402 109.115 
38.8715 99.7112 91.7608 65.9539 91.4512 
81.7372 95.3933 85.7511 80.3385 91.7861 
85.6672 57.3134 96.7822 55.9023 131.148 
98.8812 100.377 63.2195 78.6634 110.577 
80.3077 134.094 114.541 105.326 76.406 
85.1694 79.7559 89.0932 96.397 64.5396 
98.9537 99.706 113.329 104.753 133.132 
105.782 104.562 109.882 128.865 85.7965 
88.5976 103.309 94.0116 67.5099 95.8149 
91.6417 125.962 82.3334 102.292 87.6434 
122.593 96.3716 95.0482 82.0658 98.638 
101.531 89.9957 120.277 72.7427 130.144 
108.851 128.573 109.004 144.594 77.7322 
58.2445 67.6064 85.7411 113.774 76.5439 
95.5356 104.046 102.158 68.9694 77.3955 
103.186 116.071 102.278 89.3711 74.7684 
114.089 106.913 128.262 98.822 84.8271 
78.3321 117.454 86.6093 88.0274 81.6936 
95.8014 141.583 124.081 88.9574 97.1162 
120.992 105.244 92.4837 98.2394 88.6878 
109.285 151.502 92.368 122.598 122.278 
84.9979 63.5961 112.137 98.9896 118.178 
87.748 114.697 114.239 99.8862 103.771 
103.836 131.663 117.118 108.445 98.436 
82.6959 98.5172 74.4773 94.6785 113.836 
96.0835 102.226 106.811 115.978 70.0889 
104.663 102.896 115.71 101.678 92.1461 
121.429 86.3643 113.669 118.913 89.8482 
98.8189 89.5811 97.4573 80.5146 137.576 
103.003 60.6152 86.2528 81.0922 75.2808 
93.3815 71.5326 89.7861 127.044 111.835 
134.337 128.005 77.3256 113.741 75.5881 
81.9558 123.232 103.495 80.4657 56.6952 
95.8009 98.4799 72.1133 97.0241 111.454 
118.718 105.259 86.4101 107.145 94.8999 
102.588 106.908 114.559 96.8302 111.798 
82.7718 106.548 84.9059 100.166 96.4061 
124.152 106.947 87.8787 64.8139 111.914 
125.06 110.99 121.526 122.022 131.351 
80.1832 109.806 81.3067 73.035 108.183 
108.056 85.2954 94.3204 85.4691 77.6782 
119.601 96.9702 86.1122 75.4338 68.2564 
71.1489 128.93 125.1 117.966 127.564 
103.565 104.39 94.323 114.287 122.588 
118.979 76.6557 111.243 105.943 95.315 
111.062 84.5864 88.3944 94.9313 110.762 
95.6583 89.566 77.5177 105.949 83.2449 
76.8512 124.408 105.747 133.297 119.532 
98.777 98.6842 115.421 102.558 111.086 
51.4214 95.3693 82.0671 75.7966 111.031 
109.847 76.7599 82.5696 105.527 139.883 
71.7759 100.771 113.793 99.3732 93.5428 
90.9109 110.832 84.0204 114.821 90.3093 
139.945 109.564 85.9964 96.0092 86.4871 
95.8478 107.21 102.327 117.066 67.7349 
104.518 107.67 100.922 102.617 110.312 
106.101 110.589 92.1763 119.518 89.2852 
105.901 114.534 130.282 133.161 103.415 
107.112 107.08 104.239 74.4266 142.619 
83.3082 85.6735 117.745 111.071 119.377 
94.763 87.549 67.7572 94.4445 81.4809 
71.6253 93.8768 105.804 118.722 111.929 
149.939 118.898 139.597 79.6018 122.408 
107.108 127.646 85.4056 70.0725 119.948 
109.245 94.8868 83.4667 134.2 92.9661 
128.938 100.28 76.381 99.7455 74.2097 
47.5532 82.2678 123.791 120.344 102.527 
88.1076 91.4272 99.563 71.6695 106.193 
97.9731 97.7452 84.6307 101.186 123.418 
76.3569 77.1613 110.187 67.826 80.2474 
66.2106 111.295 129.462 94.194 122.124 
87.7246 80.2187 101.977 79.5882 83.2919 
106.102 128.218 84.7725 75.0809 104.557 
115.419 91.3111 113.325 73.1478 92.7589 
76.5119 89.9011 101.128 80.3047 98.3258 
139.026 92.1986 91.4267 96.6328 113.712 
94.8177 125.705 90.521 97.4728 80.4013 
82.1787 71.9716 61.8015 111.971 81.1047 
129.131 120.09 142.119 82.6718 123.424 
66.0437 111.414 93.2054 89.5142 96.9105 
63.8867 86.5411 107.96 74.2826 86.9576 
130.167 113.19 104.207 79.2479 92.6064 
87.6064 136.664 100.301 72.2095 98.2021 
105.938 122.578 114.278 97.04 114.369 
106.144 79.7061 139.019 125.334 100.918 
146.964 137.559 116.852 55.6744 95.232 
124.732 114.465 96.0008 83.9096 110.385 
102.37 87.4047 86.5291 104.911 107.492 
73.2432 137.087 105.273 117.118 88.1109 
110.568 82.6897 116.935 88.8486 109.314 
74.8294 109.106 78.0783 77.9644 106.78 
77.9105 118.404 130.961 97.1807 88.365 
108.972 99.0611 107.851 102.778 107.639 
85.8418 106.618 88.3677 98.0734 50.8753 
117.548 100.147 78.1234 104.643 125.836 
76.2167 82.023 96.1419 96.3476 109.563 
101.295 125.862 92.0502 97.5255 56.3373 
115.758 106.859 85.1816 91.1833 75.9481 
114.231 100.885 112.796 103.977 110.988 
150.937 88.0552 89.0059 111.553 117.025 
89.2535 77.0304 115.69 107.508 111.098 
93.5779 126.389 99.6813 93.8292 98.4887 
79.4268 70.8736 88.2175 101.637 55.8108 
78.2864 78.4499 71.2909 87.7598 105.527 
120.773 72.4836 93.7809 64.5273 80.6744 
100.624 104.866 113.348 102.856 138.476 
106.293 50.4559 99.6633 107.064 90.0244 
94.1078 88.139 97.0528 69.9656 73.2049 
119.827 95.4279 102.861 88.607 132.761 
94.7811 94.6437 125.291 84.6611 136.898 
85.7775 95.5765 89.4623 93.6727 108.537 
99.2574 96.2927 105.288 91.323 76.9679 
90.8062 117.24 103.151 93.7267 83.1867 
98.6149 83.663 119.006 111.422 97.1634 
107.212 85.767 72.945 98.9946 106.773 
110.707 107.409 78.4304 109.704 117.663 
85.135 134.425 94.025 91.1507 131.786 
47.1966 103.644 76.1562 96.8973 105.214 
65.5337 97.2483 100.184 96.9745 104.885 
87.2115 133.185 87.1782 81.8827 100.525 
85.4418 93.1328 101.315 138.482 134.935 
80.4493 127.922 104.558 101.182 118.653 
112.358 120.927 110.24 97.4775 89.7941 
116.277 107.303 130.424 85.2187 96.2083 
104.997 86.498 112.782 110.392 123.388 
60.5151 103.766 95.2935 68.6657 107.552 
106.491 92.3603 106.499 125.853 89.4753 
127.777 128.818 87.0577 117.452 92.1234 
95.9331 121.011 98.2461 84.8085 63.3597 
98.3643 84.437 95.7938 112.715 90.1395 
84.8169 99.2846 84.4225 79.8855 79.1241 
100.536 66.8313 103.375 104.846 100.508 
91.376 77.6718 92.4106 116.016 114.622 
96.2438 85.3237 100.26 77.9193 114.154 
104.958 100.827 122.202 92.4349 99.0813 
114.575 108.705 98.5631 102.768 79.3028 
113.446 126.957 79.7002 85.5084 71.395 
107.293 84.582 106.939 149.721 121.8 
119.589 75.8136 113.32 74.8004 86.7512 
99.3259 89.4365 96.4844 96.3098 118.06 
91.4117 69.448 120.693 91.2873 93.7156 
101.589 116.274 100.233 158.328 117.666 
105.177 118.092 113.827 102.815 116.694 
102.509 99.8505 139.57 81.4466 95.332 
112.816 110.826 96.7604 114.758 86.1113 
132.906 93.4424 113.483 74.1796 127.569 
109.354 83.6157 126.139 92.3617 136.416 
101.936 59.9171 99.9174 106.521 111.382 
102.727 84.5566 82.5856 61.9468 99.1528 
137.144 131.743 69.6996 94.6088 98.7754 
85.8168 98.4989 106.349 122.123 93.1196 
113.408 107.577 99.3043 133.078 100.147 
102.667 99.0423 124.729 133.019 80.3504 
80.7376 77.9879 110.64 111.572 82.7929 
126.889 126.564 85.5355 128.138 83.6941 
95.3976 119.497 93.7546 101.295 85.5631 
128.152 90.5256 77.9055 132.198 117.923 
116.547 77.4717 129.629 115.071 120.801 
88.4071 66.1429 143.694 113.828 108.326 
92.6694 129.509 109.585 83.0238 97.3359 
113.56 102.995 95.6682 92.2835 108.263 
45.6645 121.017 107.046 90.1902 102.726 
81.804 66.5396 95.9868 111.281 107.165 
69.8333 113.796 89.3697 83.6178 113.538 
126.737 120.518 75.2357 97.9444 92.9482 
105.328 89.2461 117.638 98.5192 102.531 
58.2933 99.087 122.695 103.714 98.6268 
118.437 86.9158 77.6425 95.3116 108.697 
112.616 74.0153 104.956 95.0043 92.8517 
91.0467 72.2958 91.5206 98.0885 96.1293 
96.8314 77.5362 89.0206 69.6142 87.2143 
123.168 63.8743 83.1983 110.658 85.2668 
94.2559 105.146 66.5992 77.7833 101.526 
69.6052 89.2234 108.903 163.636 99.2567 
109.751 91.4181 96.0122 141.091 121.226 
124.049 89.2564 110.994 139.119 91.362 
124.247 84.5043 82.1629 125.889 136.711 
120.727 78.0954 116.175 113.858 98.8429 
79.821 138.302 81.3011 113.22 132.371 
121.13 76.1839 104.694 88.6382 75.2684 
105.708 103.513 89.5217 102.609 141.522 
93.1301 98.8724 118.646 79.4415 88.4633 
130.821 103.146 80.2493 90.3385 87.3937 
74.2025 111.14 86.1233 109.961 113.534 
98.7326 116.283 88.0276 85.3492 83.9977 
120.211 110.55 80.9497 76.6914 94.7804 
149.086 62.5999 108.895 75.29 101.864 
75.7147 83.7706 94.4765 96.72 118.299 
92.946 110.403 107.208 108.458 79.5943 
88.8245 77.3515 109.514 103.007 112.09 
115.624 108.806 103.853 100.788 122.871 
106.699 112.137 106.685 106.284 79.2705 
129.358 98.7572 133.802 78.7042 88.4322 
121.678 111.042 56.9656 112.387 117.322 
111.881 92.9686 122.385 91.3639 122.661 
102.136 104.902 140.499 83.0043 111.931 
117.044 116.995 99.6758 71.2315 88.8902 
131.043 105.713 95.2334 98.2646 95.8023 
117.736 99.2575 119.691 85.5374 98.8441 
79.3213 102.426 104.86 84.1633 134.678 
114.01 118.888 60.1075 129.618 88.7156 
104.383 99.1271 89.5653 161.567 128.026 
117.359 78.2006 97.3558 118.473 108.537 
107.312 116.46 113.08 110.518 73.5315 
93.4557 63.0783 114.012 80.6435 86.0247 
110.86 97.8845 139.736 95.0249 105.502 
91.4011 120.244 94.4493 98.3959 123.338 
83.7765 105.813 110.058 80.2882 96.1489 
129.796 112.583 88.634 100.558 97.5961 
103.325 96.4277 84.043 58.4477 109.717 
82.4788 78.0412 129.214 101.03 102.111 
92.8142 131.163 62.2553 102.425 112.544 
91.2485 116.635 75.4931 81.1201 80.4843 
94.1016 100.641 61.4368 75.8325 82.212 
83.5662 100.588 114.267 88.2516 63.1482 
109.175 117.687 104.264 125.889 102.282 
107.521 92.3324 120.135 117.572 93.1699 
96.5581 99.3905 87.9782 123.843 92.7888 
111.302 97.8821 96.6995 105.499 108.034 
131.798 106.467 69.5905 109.728 101.118 
82.5055 105.097 111.33 146.989 113.719 
66.6315 95.9617 114.865 86.1161 93.0382 
86.3021 85.5721 119.153 97.1293 120.879 
141.338 110.996 100.771 85.1077 150.403 
123.908 132.078 110.069 87.1086 59.6249 
117.802 106.406 97.5108 80.9482 79.104 
93.1259 96.8737 93.0009 107.311 86.3487 
90.1889 88.743 87.6145 97.0981 132.269 
137.799 79.2911 82.6322 87.8248 54.1737 
111.179 91.0776 82.1009 67.4863 97.8219 
96.9791 100.686 104.552 118.344 99.7678 
111.595 59.5482 116.113 141.398 102.312 
118.046 98.833 77.6449 87.1981 125.172 
49.8302 53.4041 79.6337 86.7204 86.0291 
124.785 94.917 93.12 93.0598 109.023 
81.5339 60.7066 79.6015 133.635 133.359 
117.877 73.049 77.6486 102.822 93.2805 
99.5301 114.365 100.738 128.559 60.5567 
110.198 91.915 101.641 109.359 87.8995 
112.017 83.5265 77.1754 83.0743 113.323 
105.771 65.7868 102.105 104.639 92.9368 
116.701 100.302 79.6756 87.8615 115.864 
127.663 98.054 107.323 112.904 127.993 
78.1676 107.415 124.814 59.8466 69.4407 
68.9165 109.216 90.2463 100.399 100.085 
67.4724 80.7092 78.9723 90.8585 111.112 
100.785 73.4595 78.7972 83.6136 88.1192 
94.5112 94.3296 120.412 124.111 93.0468 
107.765 64.0901 91.2595 57.785 102.365 
115.143 101.715 116.108 88.681 100.959 
70.57 115.087 133.317 106.306 97.8715 
117.572 114.213 124.62 86.849 100.159 
100.147 107.883 81.7368 106.682 105.701 
83.3599 92.2789 100.248 120.864 97.9315 
104.2 131.027 134.278 98.5374 81.483 
113.343 99.145 120.692 84.0367 105.784 
84.9359 49.6466 108.657 82.2903 101.155 
77.9872 96.6136 72.3727 106.735 105.093 
117.176 123.528 109.194 89.3648 125.963 
110.401 139.712 108.878 120.936 98.8511 
85.8852 106.843 67.0155 123.544 88.5459 
70.0143 106.403 114.946 106.957 111.387 
97.5085 84.9469 97.0335 128.194 123.084 
105.217 83.8676 71.2977 95.2486 76.0318 
83.8095 121.795 113.313 91.5816 144.452 
104.64 100.697 96.6261 101.414 85.6099 
95.573 106.585 114.683 88.0698 101.734 
109.034 135.873 88.7622 111.551 107.116 
107.487 115.037 98.3819 125.424 64.9336 
93.7469 64.234 109.873 68.1998 85.7299 
120.706 99.214 93.2751 97.6002 103.377 
87.3281 109.994 86.8336 123.009 158.347 
96.4977 85.5096 82.6096 131.759 71.3208 
97.2823 72.7435 106.686 103.442 137.986 
117.173 123.67 117.598 149.466 87.0061 
140.487 112.443 90.9884 84.8267 71.9191 
71.7405 52.8426 126.126 105.036 117.448 
91.5499 76.6882 70.5371 85.4671 104.729 
79.6128 106.377 66.486 73.2649 73.7977 
102.551 126.121 96.668 60.813 86.9754 
101.174 116.938 106.486 113.226 68.6952 
90.8035 118.905 87.5213 77.886 137.475 
64.9689 99.5477 104.154 104.69 97.4057 
124.343 84.233 85.3882 118.931 147.553 
54.125 83.8917 122.332 112.787 88.4865 
97.7915 81.8567 83.2299 143.778 106.867 
96.1599 94.7442 84.0227 125.162 119.162 
97.5046 70.8432 68.3865 83.8725 91.9916 
111.501 123.717 91.9868 92.7312 112.832 
104.504 100.661 95.6031 70.353 123.391 
68.8796 93.2482 121.432 77.5292 93.6916 
132.678 90.1285 104.714 78.3913 81.0968 
89.7291 116.182 99.0919 90.049 93.836 
90.2437 89.6468 157.45 116.571 99.5688 
94.1008 81.2687 76.8811 86.8062 100.31 
122.458 89.7714 104.23 101.846 102.825 
71.741 94.1963 139.4 91.4462 105.528 
85.6721 113.13 95.5762 86.4025 93.8877 
74.8247 50.2203 97.5006 108.379 93.0425 
117.643 107.868 112.392 85.3627 88.1925 
124.362 138.779 118.406 70.1229 68.257 
105.891 84.2046 39.0143 83.3619 111.07 
86.7157 59.3432 126.588 122.101 103.913 
83.0514 89.782 113.959 91.7129 101.932 
114.588 107.119 102.358 99.6685 111.437 
77.9541 90.5688 103.474 97.4508 116.653 
104.754 111.66 113.831 64.8094 109.449 
109.715 66.7846 98.3437 84.4388 95.6537 
104.919 113.524 112.104 67.3173 102.272 
94.4768 107.739 108.022 126.622 90.0754 
103.127 98.8979 104.337 89.6762 138.128 
105.134 99.6 62.9726 102.284 89.515 
76.8804 82.1668 108.329 87.8415 96.421 
77.4255 83.0214 77.6468 81.7209 82.0588 
81.5164 97.6847 100.732 100.626 79.2145 
84.0302 94.687 118.146 130.669 133.75 
62.579 124.77 71.6533 76.119 89.6767 
124.772 111.558 84.2651 104.717 111.725 
122.523 73.3069 82.2538 76.9165 100.218 
111.62 97.6318 150.614 124.964 109.85 
99.9338 114.052 106.631 64.4787 113.429 
140.169 106.638 98.226 124.542 121.714 
71.9801 54.7984 98.2796 49.0456 104.156 
100.231 73.73 103.137 118.351 149.744 
84.4424 52.1048 87.4443 111.697 93.9653 
99.0341 81.0926 107.406 176.081 45.5376 
84.4831 76.4283 99.0932 107.199 126.456 
98.6335 107.692 70.8806 126.721 121.484 
55.6498 86.8089 85.1195 104.189 92.8773 
90.985 122.38 103.03 67.9144 63.1618 
113.96 102.679 65.9303 84.136 126.554 
122.233 125.689 82.2892 102.704 111.396 
96.2135 68.4021 115.554 94.0579 109.32 
75.6651 133.059 97.3713 89.1285 101.143 
106.235 92.3311 109.407 100.319 135.976 
106.586 81.3602 110.139 114.094 132.432 
124.767 95.6344 95.4039 83.7373 127.791 
91.5513 104.497 80.2246 109.918 97.723 
66.3057 107.029 112.869 156.106 108.7 
123.211 105.923 91.6172 98.9851 113.117 
107.081 109.468 100.708 94.0177 125.002 
98.1983 124.755 87.2191 90.9547 98.8496 
94.1951 126.884 90.2804 95.7775 73.603 
87.9334 75.2067 105.397 92.7582 76.9368 
111.225 95.0734 103.045 97.3712 114.261 
80.499 95.8667 115.012 137.952 83.09 
87.0248 118.211 116.969 103.365 92.3395 
116.369 105.232 94.5109 68.5771 93.9384 
85.3429 133.756 77.9031 94.453 125.625 
124.034 92.301 117.295 105.212 94.4554 
105.917 79.683 81.764 89.0644 98.8353 
117.049 101.445 101.887 101.016 110.27 
84.9174 84.0032 97.0936 120.5 117.987 
99.8911 119.386 78.1299 92.054 81.4161 
79.0246 113.454 113.836 96.4449 88.2774 
88.9634 108.592 119.07 97.726 107.705 
93.7594 89.0443 114.358 118.276 99.9643 
101.558 98.4026 106.929 81.9767 85.5737 
86.4627 76.2415 118.672 72.5454 115.556 
86.7607 99.2918 95.9918 113.893 138.934 
100.171 112.608 74.8989 127.502 119.782 
121.759 109.126 130.034 84.5292 139.854 
71.6133 127.534 109.101 103.465 131.466 
99.7932 88.7741 113.705 86.8737 73.699 
101.027 95.705 116.217 132.763 150.966 
93.7852 91.9061 89.9654 80.8451 119.044 
119.074 98.8347 77.3028 79.3124 127.816 
100.893 122.042 64.7248 131.33 82.2322 
77.6843 85.2903 154.316 96.0388 86.2717 
102.095 102.831 106.514 102.238 118.386 
105.123 94.6005 133.756 124.361 116.129 
106.8 95.9694 103.942 90.457 122.989 
113.988 112.5 91.1473 127.648 76.3406 
92.2188 95.0917 54.1186 140.253 115.483 
84.2558 102.577 99.769 87.6857 109.664 
78.732 92.3007 117.309 78.4814 106.851 
105.915 129.812 67.9071 74.2334 134.106 
106.291 108.615 106.594 81.7019 91.411 
80.7611 92.6237 134.277 123.862 121.196 
80.0104 102.466 102.688 79.9979 84.7913 
109.097 118.105 87.6654 69.778 139.172 
94.2206 117.305 107.335 137.535 87.8131 
116.543 96.5205 75.2362 73.3357 123.799 
105.807 129.838 108.401 120.181 89.2546 
101.58 92.9653 103.534 91.5337 99.9742 
108.058 103.519 89.8461 79.615 113.278 
75.3435 95.5193 79.2355 115.425 108.692 
83.9999 68.9563 109.068 90.7022 92.9773 
103.112 119.859 96.4012 86.0848 88.8924 
87.1944 137.318 102.426 101.487 63.7768 
71.8371 105.735 98.2384 93.8696 106.605 
95.7111 62.9081 133.102 80.324 75.0879 
77.7254 74.2492 101.014 93.708 87.2701 
127.846 69.0062 144.887 126.888 94.5621 
111.223 97.1138 88.0686 97.5671 109.767 
83.57 127.223 100.291 86.7281 90.6438 
104.025 96.6265 93.1916 120.223 80.3663 
132.375 104.072 119.498 80.8704 93.1594 
143.704 64.5688 114.271 100.547 81.3025 
56.0696 105.228 83.2195 74.6969 138.795 
79.9662 97.4426 88.8819 83.0573 79.0575 
138.867 75.9389 70.4779 81.4959 108.357 
125.081 82.5919 100.529 89.1447 99.1557 
94.4156 68.3351 50.8315 131.462 99.6687 
118.528 86.5223 97.527 104.734 118.359 
95.3564 100.243 102.198 61.9744 70.1853 
97.4062 109.899 101.598 101.169 82.6513 
164.332 122.228 124.219 83.5377 107.991 
90.1536 96.8722 89.6629 102.661 131.427 
132.316 120.1 56.2265 56.9854 85.6377 
70.3286 98.4661 88.1251 98.8087 99.5435 
138.135 102.448 86.0212 122.421 119.537 
117.043 83.0634 117.075 141.647 110.697 
92.6714 93.5006 86.9178 116.868 130.635 
92.6817 123.482 88.2732 110.704 122.971 
90.2987 143.882 85.7414 112.45 118.785 
103.878 113.308 106.84 128.942 63.2261 
104.316 98.7562 76.4138 102.828 132.558 
87.2891 112.241 77.3589 77.2819 98.2105 
139.57 73.3374 125.984 83.3655 99.353 
90.8219 95.1403 132.497 112.495 104.172 
112.19 53.73 77.6863 80.0942 67.5512 
84.2662 133.45 78.3897 101.377 96.6042 
113.349 114.176 74.7881 88.2542 134.565 
98.4948 78.5357 119.198 66.8605 124.352 
101.365 68.0825 128.922 99.0905 100.993 
84.303 118.212 115.108 58.3047 89.6714 
91.275 59.8999 113.3 92.3239 98.7252 
107.123 142.187 130.383 116.672 88.9182 
136.425 123.991 65.1895 101.007 72.5115 
106.603 93.427 53.698 101.653 88.9363 
94.5 99.1144 87.0095 103.606 71.9042 
95.7309 120.814 130.668 103.49 93.1617 
97.127 95.661 98.6373 109.447 94.8953 
124.675 76.681 99.5709 116.42 108.454 
105.588 101.143 81.4521 82.5488 112.986 
64.1146 98.7182 71.442 87.2012 114.168 
80.5577 125.318 134.417 105.173 99.8752 
133.57 65.9078 126.286 95.5197 71.9862 
87.4206 114.418 106.856 91.9153 125.471 
118.903 116.426 84.0457 77.207 84.0139 
75.6096 109.507 122.063 105.609 94.475 
108.42 76.4558 129.178 103.375 139.923 
133.145 93.5282 64.0366 117.008 68.8543 
101.788 116.65 83.8446 54.08 107.862 
120.372 121.092 127.518 134.754 123.003 
99.6933 100.477 98.0783 118.789 107.776 
114.679 109.82 100.779 72.0826 88.4422 
89.0646 90.3981 88.2567 121.205 99.1431 
106.45 109.433 67.92 125.399 67.4653 
81.8663 102.39 115.228 100.491 109.879 
62.6153 131.588 107.185 105.081 78.7634 
91.1274 90.1408 114.962 102.869 86.3552 
146.199 135.086 113.002 88.3221 113.03 
86.7835 83.2472 108.696 84.1575 120.671 
96.3814 76.9771 85.6749 97.8403 98.6347 
96.218 108.874 81.1092 64.3037 112.079 
107.747 92.2828 75.8157 87.7036 95.0287 
121.091 97.4604 97.4482 109.624 100 
127.774 138.871 119.676 52.1936 117.068 
132.803 85.6086 96.0287 131.269 80.7499 
135.308 118.812 44.7207 79.3637 113.919 
86.1553 82.164 103.354 112.798 97.0447 
93.7705 103.849 118.344 92.903 70.3922 
122.815 101.78 115.074 106.443 122.867 
99.1349 94.6333 136.154 136.832 111.361 
127.384 84.1278 126.961 70.8295 74.7103 
115.984 83.4119 92.5065 144.217 114.67 
117.033 95.1046 92.4166 130.785 101.349 
90.8499 104.553 75.8462 105.414 118.854 
108.792 74.8787 54.5872 76.3477 111.499 
116.525 80.8 118.409 103.437 84.7933 
96.8242 104.589 94.18 86.3293 118.273 
94.7761 127.737 95.1938 94.423 95.5186 
135.076 104.821 81.7237 104.722 83.6166 
119.283 117.623 95.9017 84.4928 115.349 
96.866 80.89 102.898 77.3799 83.8753 
98.1454 91.5286 120.938 122.813 84.5692 
96.3357 115.13 78.9446 92.0118 114.999 
109.042 97.9353 100.542 77.5985 78.2841 
109.593 97.6913 106.52 97.2731 91.4803 
102.806 97.183 74.5321 90.469 89.7831 
109.992 106.576 87.7644 103.503 85.3441 
120.841 112.585 114.529 101.719 87.0311 
80.0858 113.699 90.3392 133.301 54.5958 
133.207 111.942 117.537 92.493 93.6997 
97.6891 117.298 97.4179 78.279 122.132 
104.843 98.8245 130.951 137.902 86.2262 
101.177 143.271 63.875 128.757 71.4547 
97.6814 96.6128 92.9167 62.5028 50.6279 
104.355 105.204 116.194 103.861 80.5321 
76.2262 77.877 94.4443 82.7965 84.2282 
83.6338 101.709 86.6121 127.488 115.253 
122.829 103.721 82.6617 68.9301 97.96 
79.5556 96.0588 139.432 94.2221 66.2856 
53.9669 109.847 72.6292 95.918 92.0278 
99.4709 89.3975 104.136 123.512 126.262 
105.295 123.897 102.056 100.619 78.7204 
136.153 113.283 78.8706 104.284 88.8796 
97.012 91.9467 117.138 125.548 107.84 
101.597 103.147 78.2257 78.1742 131.49 
108.354 112.766 132.829 71.9341 147.412 
70.8541 103.898 46.8549 91.3206 80.6582 
117.675 69.0077 132.551 92.6949 91.644 
121.989 95.3878 71.5291 106.791 81.8431 
112.429 62.1703 114.815 79.2313 95.4285 
112.392 105.067 84.2356 128.75 92.074 
121.349 84.071 93.4043 79.0343 84.7816 
87.4027 129.223 80.3037 140.188 57.7837 
78.3899 92.2091 121.901 67.9371 105.062 
77.4389 119.971 77.6381 62.1701 72.5995 
72.1183 98.4489 123.318 110.733 97.6953 
115.28 112.95 85.9758 76.292 66.504 
104.509 106.804 86.5097 131.716 89.9655 
63.9848 101.834 103.031 70.1819 72.3674 
37.1473 137.45 89.9352 61.8755 107.026 
34.384 110.381 117.608 119.979 133.128 
87.7284 122.73 80.3528 123.616 136.473 
119.939 93.255 103.806 83.0784 130.676 
136.454 126.563 123.288 79.4022 108.797 
112.522 82.3362 99.1767 138.168 95.9991 
83.4573 82.1554 91.6196 154.081 83.5518 
130.589 113.471 90.9325 110.561 100.398 
125.481 107.51 127.066 116.693 76.4441 
99.8477 81.8093 103.085 134.109 79.269 
77.846 136.75 114.952 120.435 112.278 
75.1023 112.833 102.57 90.3051 124.827 
96.3549 90.8198 125.623 92.6016 115.236 
82.7882 82.701 137.281 89.5708 40.4934 
42.4513 102.004 50.3528 98.3988 58.3703 
81.3689 95.6925 137.119 112.451 59.4079 
111.947 99.9795 120.024 106.746 68.8714 
113.903 82.1809 115.92 89.1257 93.9117 
69.3955 95.6165 98.0243 113.518 118.939 
90.3 106.612 86.8432 110.571 74.7173 
96.2093 105.752 68.1272 121.997 96.0337 
156.923 113.581 104.464 93.2943 103.27 
130.512 113.758 69.5116 70.3784 66.0216 
105.794 152.927 92.7376 97.1593 74.8908 
95.0559 108.808 79.6438 103.08 118.486 
91.0067 111.275 95.2959 96.0103 91.665 
84.3997 55.0617 102.232 107.427 90.3274 
88.1078 106.106 71.5925 126.558 100.734 
63.8316 86.6271 103.67 115.174 109.287 
106.767 97.6939 80.5451 59.1989 80.8198 
97.2531 112.899 68.5293 61.8028 102.509 
127.587 125.96 82.8573 114.517 106.199 
97.669 114.075 88.9524 101.172 112.265 
136.323 117.641 106.876 79.3671 99.1062 
106.453 121.822 88.3087 89.2382 112.437 
110.051 115.833 65.0372 104.108 98.2026 
126.826 123.59 114.343 115.49 117.409 
100.687 94.6877 19.5394 119.464 99.1319 
106.629 89.7008 106.977 102.728 77.5462 
111.147 96.0694 108.347 75.9437 92.891 
97.6284 103.35 97.2395 74.3262 79.5885 
123.214 112.766 134.615 109.702 81.454 
77.6964 97.9021 120.912 110.36 117.905 
90.8784 70.9359 84.1497 109.242 125.318 
124.478 120.78 103.891 101.38 74.2211 
110.038 81.7955 85.8026 106.444 126.572 
93.3643 70.4721 74.9088 109.015 86.6025 
108.458 105.498 91.0935 83.8628 105.007 
117.178 115.369 77.133 124.289 96.3989 
92.7753 118.038 143.768 109.589 138.923 
97.8999 93.526 103.779 125.124 95.817 
125.77 115.091 56.849 115.981 113.513 
92.2063 107.258 80.0181 144.254 109.497 
108.137 94.1888 86.5104 68.033 104.344 
106.087 113.061 120.098 74.3265 126.232 
92.4575 83.705 119.34 93.2913 87.5077 
124.136 102.019 127.303 83.0298 107.34 
89.0206 88.7429 111.147 94.1128 98.0011 
104.532 81.5775 102.116 118.07 109.662 
73.0088 87.5424 88.1153 91.6828 98.2194 
73.5926 108.626 77.1779 96.0456 78.8121 
92.7421 12.5669 106.236 86.7494 118.934 
72.2112 149.421 73.1463 63.7023 111.922 
79.3112 90.412 92.3655 85.5565 108.017 
118.044 114.7 98.2032 122.556 102.242 
61.3568 112.531 123.255 113.456 82.0651 
104.06 96.6863 112.805 125.7 118.257 
94.9474 86.195 91.4903 96.9681 98.6297 
134.435 96.7595 74.3518 141.588 96.2041 
69.9805 70.1564 98.0984 89.7817 99.4649 
109.643 90.6496 81.115 139.564 116.587 
72.09 60.6848 85.6405 102.097 75.9513 
103.548 123.789 77.4921 70.7739 98.2177 
114.244 97.8712 68.6773 93.3748 99.8656 
77.9826 126.532 73.7762 109.933 79.5545 
98.397 67.001 76.698 92.3936 119.789 
80.6603 72.9058 139.961 52.9549 125.805 
102.095 117.271 96.8014 86.9288 87.9788 
91.6352 120.976 93.0713 88.2227 93.3195 
135.703 94.6104 116.2 74.4332 100.633 
79.1861 111.908 96.1839 96.7812 121.077 
105.716 97.9637 109.391 90.5066 82.2775 
101.126 131.476 112.17 113.841 73.1295 
131.867 92.898 76.5228 73.0003 107.268 
105.994 132.506 96.5948 115.28 124.542 
98.6164 79.405 84.9334 85.1658 106.321 
121.086 93.4017 99.8494 116.43 102.665 
114.117 72.3613 104.016 92.9904 95.5302 
96.9188 120.046 136.744 56.0785 89.1502 
93.7828 121.027 83.1411 127.19 70.1363 
99.5419 111.498 78.4682 99.2076 123.584 
105.16 95.6597 94.0412 115.975 89.9912 
105.622 76.4491 97.4414 85.4871 97.5517 
71.2528 77.5148 111.127 83.6306 112.9 
89.6787 77.6258 140.54 125.272 124.441 
113.989 102.832 98.1599 73.781 82.7935 
87.096 122.122 98.321 127.445 101.524 
118.975 115.002 78.215 93.3182 112.808 
108.095 113.932 94.3183 90.3646 110.95 
95.4759 112.863 148.524 92.3524 111.4 
118.709 109.426 93.5204 94.9945 136.739 
89.3216 118.17 90.382 113.782 114.418 
101.827 104.366 100.962 123.941 130.366 
104.731 101.016 72.8354 83.3607 55.9727 
89.2566 55.9129 103.825 113.361 73.9493 
86.4161 99.2085 125.944 103.895 95.1527 
131.021 116.555 141.809 95.8545 142.996 
99.1161 118.125 82.2121 92.1354 56.7488 
113.029 88.7844 128.587 84.1733 97.9662 
105.84 92.5582 79.1805 106.326 93.3751 
112.591 99.1874 111.209 94.5611 71.6285 
92.4518 129.623 88.0025 102.228 112.602 
128.481 116.643 104.976 80.5921 137.946 
89.3778 82.465 98.4926 91.0842 93.224 
104.858 141.251 100.51 97.3908 138.315 
101.626 103.842 130.321 86.3682 103.51 
78.6215 83.567 101.998 87.1901 111.524 
80.3587 92.4191 114.906 126.252 109.414 
77.5631 113.563 120.059 109.344 67.0563 
115.186 103.977 107.619 131.281 93.2408 
105.704 100.65 118.221 95.3585 101.732 
102.282 126.745 118.481 68.0265 79.4355 
140.559 115.946 103.176 84.6192 70.8551 
121.438 97.3665 82.7818 74.7954 91.3736 
71.3125 100.797 99.3439 100.238 118.619 
135.011 60.461 104.863 112.014 111.518 
96.6938 109.399 128.074 122.364 93.1786 
77.0343 98.0559 91.7652 78.307 73.641 
105.495 129.241 82.4908 86.377 122.514 
139.015 95.0821 89.4059 94.2076 121.576 
113.44 119.963 121.457 86.9124 97.1868 
83.3719 146.127 108.895 120.263 98.9401 
69.8831 73.2548 71.5843 96.3196 132.135 
68.4232 118.884 100.268 94.8224 98.2075 
106.488 90.48 81.652 110.246 108.195 
113.839 95.1814 132.329 137.766 142.938 
120.079 84.4343 115.332 93.1305 81.1097 
82.2356 137.729 66.8945 126.556 127.467 
80.1158 105.557 96.2071 125.558 76.7448 
94.5216 124.138 93.743 77.3552 98.7124 
59.727 61.859 115.226 82.096 110.178 
93.7289 100.215 125.278 67.7674 104.71 
132.655 114.177 120.239 93.2487 119.744 
68.4741 113.386 131.433 127.335 79.7699 
95.9279 101.612 110.186 108.941 117.059 
99.6675 101.269 104.845 92.7851 109.997 
75.8018 89.4684 82.8837 95.4692 81.8545 
107.302 83.1903 107.353 86.5994 106.966 
127.934 99.8699 95.5449 126.737 102.283 
73.5065 73.2365 86.8711 49.7236 115.401 
144.968 83.9635 62.6371 134.988 79.6795 
118.835 88.056 91.9203 106.829 104.139 
117.075 106.972 105.419 149.792 110.933 
79.264 69.4927 114.15 88.5174 114.328 
92.1852 97.9876 114.325 77.9299 136.647 
92.3989 118.304 116.597 109.664 107.775 
76.8531 74.5587 102.816 104.463 90.9249 
112.618 98.9665 89.2179 80.0803 92.7445 
79.6944 112.401 93.7766 108.071 64.4787 
107.693 75.0917 110.218 84.8264 106.314 
120.414 94.4786 86.3608 118.629 102.385 
93.4448 109.703 120.344 100.37 92.815 
82.9506 99.1075 105.529 92.8468 99.9308 
107.196 79.4622 100.174 115.758 82.0424 
95.3778 89.7019 112.076 67.3388 122.939 
63.4127 75.7817 97.4025 72.76 86.301 
133.807 122.806 128.106 99.7197 93.0656 
118.079 111.579 118.018 96.515 114.232 
86.7691 101.441 135.958 118.29 93.0335 
91.5689 81.2464 81.2788 63.1299 92.7476 
92.2543 107.658 115.426 98.0655 112.787 
96.0268 98.8952 73.5108 89.3 91.4827 
107.59 97.959 83.8554 126.202 90.1305 
107.187 122.766 101.022 89.028 95.7481 
121.588 108.741 109.217 44.1776 64.824 
88.8716 53.4247 109.984 88.5956 97.904 
93.6035 105.38 88.6869 47.7958 102.468 
114.09 124.385 70.986 122.936 66.939 
106.659 102.792 108.324 59.7187 85.3713 
63.0691 91.8075 80.6616 57.0831 121.675 
79.2257 124.032 105.37 113.132 75.0549 
61.6781 107.958 139.723 93.0253 108.529 
129.816 92.4365 91.8306 108.211 103.032 
83.4551 67.3071 67.9379 96.2012 79.4184 
125.696 63.2443 88.7584 121.139 126.147 
112.189 113.334 126.968 79.1707 76.8774 
104.075 87.9291 100.628 112.963 134.684 
101.091 75.5649 113.199 101.731 117.736 
122.133 113.599 88.6651 112.287 108.589 
97.5413 90.9176 121.726 88.8994 69.8132 
117.54 91.2878 87.7974 130.691 135.408 
128.176 89.4239 89.9169 52.4079 113.859 
101.959 87.0769 106.765 109.981 92.0661 
79.953 109.134 74.7039 98.452 155.347 
76.989 130.911 93.2779 118.989 79.04 
111.465 73.7696 83.7023 120.522 87.6044 
80.4024 86.6462 96.0836 134.042 71.3533 
139.968 74.2489 144.68 99.715 87.4031 
77.9652 120.803 104.001 120.248 78.5107 
123.16 90.7141 130.655 103.391 99.754 
138.035 80.2501 78.2202 119.135 120.737 
102.065 103.842 112.993 94.0907 110.828 
73.9544 89.3965 89.8572 86.3703 98.2592 
87.5617 107.459 98.6062 122.322 99.9713 
93.6908 124.411 105.824 88.2512 101.4 
89.2659 109.981 76.8948 121.149 76.6811 
115.056 67.9067 104.158 100.903 97.447 
65.4431 88.3543 119.353 67.9121 98.9036 
135.674 146.956 76.7339 94.9469 57.7812 
101.206 64.7124 105.108 51.8459 75.3959 
109.218 89.6753 98.4783 71.4747 82.4326 
109.358 106.157 121.059 109.574 109.874 
132.838 103.078 90.7879 86.8819 114.983 
78.5348 109.659 93.6111 127.941 79.8038 
133.441 98.7194 100.739 84.3744 103.211 
92.95 88.5748 98.2566 110.534 80.6344 
122.862 87.9023 115.051 104.442 100.876 
101.551 51.1441 68.2188 117.452 62.1595 
90.9141 69.022 122.814 104.374 92.0458 
133.98 97.5785 113.539 66.2437 125.234 
103.06 120.057 93.8155 94.731 83.9316 
81.4773 141.511 101.137 92.7541 83.587 
95.8235 109.434 107.36 118.887 70.8313 
125.673 112.54 129.418 75.2576 116.885 
100.872 117.836 48.9296 65.8245 68.5862 
94.7987 74.2824 62.5351 109.719 104.047 
83.2221 87.887 89.2571 114.189 91.9245 
111.826 106.236 111.276 103.111 134.591 
80.6676 116.196 98.7978 94.8655 73.0975 
103.925 79.7355 80.9577 125.958 105.587 
103.882 59.873 93.2903 90.3314 133.474 
108.676 134.684 111.272 109.948 79.0904 
76.486 115.109 147.66 67.7056 81.4233 
62.2891 116.884 122.912 92.6669 104.174 
111.116 140.08 98.6407 111.455 129.047 
75.7975 83.5738 113.22 90.8077 65.5483 
54.1675 94.1663 113.712 22.5501 73.167 
77.6358 104.304 112.531 83.3016 67.2693 
104.77 119.651 66.7935 87.7164 163.45 
74.4038 65.4324 99.0339 57.7818 97.6874 
98.9709 111.443 103.547 57.8921 126.68 
107.511 101.578 114.178 65.5709 117.663 
85.7051 112.754 109.082 82.6304 85.2894 
85.8331 96.9843 130.665 111.739 82.2675 
110.412 115.616 96.6654 104.585 71.4548 
70.6494 93.0237 102.392 101.993 86.1751 
109.041 115.853 70.8133 95.3364 108.467 
98.8726 103.785 101.975 124.296 82.1818 
98.099 59.0245 136.083 76.946 51.9775 
109.411 105.023 112.989 78.489 96.7704 
107.034 122.081 127.839 44.4064 82.9214 
106.671 119.257 92.3444 83.7342 98.0926 
103.551 101.302 84.9828 93.3378 89.1771 
85.6475 114.978 93.1328 114.76 95.5458 
135.817 91.4884 89.9622 78.4339 96.1093 
90.431 72.228 97.8003 119.047 105.855 
105.772 117.835 102.186 119.934 96.6414 
111.381 81.4521 87.6518 130.089 165.018 
94.1276 116.142 105.661 101.195 103.409 
124.38 121.119 78.9062 99.0591 54.2802 
96.9777 134.357 147.315 82.8946 91.8659 
118.316 110.437 84.1646 104.141 105.7 
94.0059 140.082 82.4818 65.1108 104.654 
102.856 109.891 120.071 121.609 83.5278 
99.7388 99.5048 143.918 87.6133 104.861 
128.286 64.676 86.7266 64.0446 130.25 
119.648 117.989 126.778 112.752 94.2637 
105.803 45.4934 109.47 108.101 98.1241 
99.724 93.1261 115.532 128.883 89.9183 
98.8896 81.1979 96.7176 119.968 130.094 
86.8453 91.5721 123.599 97.6482 74.5459 
108.263 101.313 92.1604 101.399 76.532 
100.975 107.467 85.3844 88.2371 109.648 
99.4538 101.116 102.208 92.5793 131.844 
124.342 108.708 97.8459 104.845 88.7362 
102.482 70.4442 109.839 86.5352 84.429 
99.9609 113.591 66.3212 67.8557 123.275 
112.344 102.085 115.909 101.296 120.254 
109.199 119.843 148.603 120.803 74.4589 
90.0733 130.141 83.6593 88.5646 93.2954 
120.908 76.3557 122.252 96.8942 107.386 
114.696 127.208 85.1803 93.1521 111.346 
87.6039 112.868 88.7512 154.325 113.637 
126.192 100.81 90.9681 107.711 107.583 
105.172 103.572 81.5429 91.2998 80.6738 
87.8499 120.674 61.7886 115.915 147.753 
99.212 127.858 104.397 85.6237 83.0906 
72.2733 97.2056 125.585 77.4723 90.2446 
89.427 114.828 102.585 112.041 97.0815 
104.79 91.6232 101.841 89.4708 88.0782 
113.459 97.3672 64.2714 76.0472 113.685 
79.0516 105.816 118.12 116.111 101.242 
90.1295 111.16 81.1299 115.411 87.0634 
85.0515 110.972 85.0873 102.333 54.5705 
103.475 79.4148 103.07 102.011 94.5045 
118.993 132.053 65.2695 101.571 110.297 
128.692 92.0874 124.901 101.476 101.22 
83.3548 74.1424 84.5708 94.6998 97.2628 
93.1391 101.006 90.8044 111.386 92.3872 
73.3728 134.588 115.281 113.193 104.032 
87.5226 71.4525 103.318 115.626 85.103 
93.886 76.7597 91.5127 131.689 105.481 
91.6726 99.7015 149.381 62.9137 140.833 
75.6 127.254 81.5864 78.7147 70.7842 
124.748 112.508 99.3617 46.3918 100.424 
84.37 119.328 82.4206 125.83 75.0684 
119.248 96.9831 101.827 133.273 115.839 
87.8336 80.8409 71.0916 87.8426 104.803 
88.7484 115.816 88.4466 94.4912 106.641 
117.89 104.008 70.9728 89.4775 100.126 
101.384 98.0491 124.69 70.9245 73.0448 
79.9946 71.4962 90.0465 97.4688 87.1361 
51.8268 101.987 77.6351 123.228 98.0376 
117.247 80.5188 88.3909 93.5983 106.922 
114.039 96.116 88.3906 111.778 82.8616 
96.0953 106.121 84.8158 95.906 109.581 
102.268 71.8462 94.5614 62.2662 84.9949 
62.4157 82.002 84.3011 114.103 96.6538 
90.3469 104.084 97.6347 95.4811 115.627 
92.814 134.816 106.204 73.4052 97.8591 
67.0698 114.208 78.0176 82.5432 124.941 
86.9812 106.929 113.618 117.852 110.245 
79.714 127.982 134.054 121.215 144.312 
112.552 77.1995 116.061 137.402 110.365 
37.4304 71.3855 105.95 124.906 65.5936 
91.2466 64.4087 88.0568 83.8873 116.357 
103.083 117.677 88.7333 157.288 86.3486 
78.5738 136.258 89.6916 86.8411 143.323 
100.242 93.6686 112.948 117.761 90.2684 
96.519 120.31 126.032 112.031 85.357 
68.3044 91.1074 104.406 109.927 123.641 
75.4539 106.342 80.2485 105.596 111.959 
84.1922 74.4501 99.167 71.4429 102.722 
87.0159 133.574 116.951 84.2832 109.531 
60.6705 71.1528 109.946 148.511 74.7851 
101.613 68.7009 87.1431 79.8338 94.591 
126.777 102.212 77.1539 83.4291 97.7899 
128.635 87.6971 109.71 105.004 82.0301 
127.315 70.1915 105.823 131.399 62.141 
98.6133 113.447 88.5842 110.577 98.8978 
107.666 107.036 101.798 60.7152 97.6952 
101.829 87.1548 97.877 110.402 92.1186 
115.85 121.298 80.8671 79.4858 81.9715 
98.1682 112.213 83.6033 122.003 102.224 
123.624 120.044 63.5483 135.55 73.1967 
82.9152 76.2676 121.914 134.92 92.4231 
108.131 64.8129 120.415 121.537 78.6053 
111.503 94.3358 122.904 108.145 66.9933 
135.597 89.2574 106.51 134.48 101.729 
89.4121 125.901 108.304 95.1713 93.8155 
125.206 83.8652 71.7784 87.4828 124.772 
109.584 64.7649 85.5264 127.305 122.637 
92.4039 81.1702 113.689 116.228 102.552 
112.633 97.0698 96.4598 103.715 102.526 
103.017 77.3547 73.903 111.493 63.3363 
81.5667 107.464 135.424 75.5065 104.268 
76.0127 83.6813 96.5829 74.4617 107.8 
105.072 45.7214 137.606 119.722 70.0664 
113.032 88.2666 114.777 79.4812 108.091 
119.41 86.8128 81.4529 101.953 90.4189 
114.616 96.9646 95.2143 114.065 132.33 
111.141 100.612 110.197 117.62 84.143 
114.006 108.662 103.579 108.138 81.8761 
95.5117 86.0003 70.2229 121.112 127.706 
77.148 137.323 138.557 125.971 137.625 
83.0678 105.271 120.235 116.296 94.3295 
95.25 104.292 113.573 88.0344 79.2321 
67.5866 98.0627 71.4754 141.56 99.7488 
88.6221 98.7799 99.2497 102.646 117.928 
93.2685 75.4025 109.285 102.006 85.8625 
115.187 113.243 83.1383 113.131 115.601 
113.919 63.2868 120.01 82.7977 89.2422 
106.258 109.757 104.918 74.972 125.997 
95.6901 95.3149 101.089 114.805 129.614 
125.598 116.749 103.763 89.1831 109.649 
137.91 116.641 83.4749 45.5461 130.465 
92.1372 87.6029 92.7968 109.103 109.679 
56.8037 120.806 109.171 122.731 85.6194 
54.4638 105.265 72.8015 118.399 81.7448 
79.5248 110.669 115.664 132.816 114.844 
86.4461 74.8827 72.599 98.0178 140.495 
119.218 81.2065 100.478 126.417 83.5191 
115.957 127.715 86.3559 104.563 134.469 
89.1246 89.9169 128.492 106.874 91.3897 
114.832 99.7707 112.271 107.241 91.1367 
97.5458 131.202 96.4062 112.473 94.9669 
118.738 114.414 121.92 122.711 91.9317 
91.0217 59.0513 123.489 89.628 83.5231 
106.858 85.414 60.2037 105.247 87.4939 
57.2779 107.029 97.4645 79.2509 140.472 
90.0137 85.5464 101.765 91.4081 98.707 
102.172 131.608 115.893 99.1035 134.473 
91.0585 122.734 131.584 127.779 80.9944 
112.114 119.46 105.882 100.02 85.5613 
99.1772 104.657 111.862 70.0688 101.401 
129.955 102.557 69.7959 99.7372 62.6605 
144.669 79.4302 131.819 69.2964 96.5465 
123.88 97.8565 127.049 140.17 85.0038 
83.3266 123.4 128.295 89.0331 121.276 
56.8017 31.9232 72.3999 118.718 62.9472 
91.0981 101.213 55.6312 102.961 66.7702 
96.2391 108.902 99.8802 64.8732 101.682 
79.0145 120.066 121.423 125.067 82.537 
91.6879 79.5289 110.35 107.641 138.788 
94.4538 132.802 126.631 95.4641 90.3088 
72.3866 110.015 75.8344 100.262 106.216 
93.8664 134.714 95.89 108.697 120.993 
78.719 109.536 121.14 122.704 65.4666 
89.591 95.6476 101.897 84.7427 70.5256 
100.187 100.716 75.8516 89.6816 123.357 
86.2513 99.5439 116.135 95.8202 87.3437 
89.6821 113.261 100.563 67.765 85.0548 
91.597 110.443 128.709 123.588 82.5087 
75.7221 129.263 114.511 77.8276 121.087 
91.7159 143.08 117.319 80.0784 80.1547 
84.6621 84.5824 64.7383 89.9581 86.1612 
111.577 108.829 107.985 87.6996 93.3127 
76.4814 86.4874 99.0893 110.181 112.704 
122.595 74.6483 108.796 115.353 68.6834 
106.438 108.716 101.144 94.5187 111.833 
91.4618 98.6305 87.5492 152.356 115.215 
99.561 135.294 102.482 139.047 111.728 
100.912 119.48 116.435 102.709 82.2744 
85.3642 120.317 93.6673 143.087 70.8132 
113.713 123.487 119.154 89.0239 101.528 
73.6718 91.377 113.262 101.538 84.7877 
102.35 108.947 77.1462 122.643 93.1283 
101.367 92.5771 122.796 123.752 81.9664 
100.909 93.4379 90.2816 91.1831 79.9011 
157.85 84.2302 113.46 44.526 114.199 
83.9297 97.9978 94.5793 97.842 96.1163 
131.681 85.3585 95.6618 105.289 66.6632 
109.165 62.3379 95.1122 115.878 107.466 
87.8063 99.6789 94.1038 81.238 93.6986 
64.9327 129.51 103.017 102.962 106.828 
98.7148 110.757 54.1646 118.51 80.5434 
60.2996 80.2845 93.4311 93.612 79.2141 
106.984 61.415 67.0548 81.2445 104.963 
106.743 110.654 86.432 122.184 117.371 
135.448 93.9125 90.5674 98.9086 98.7874 
103.828 125.079 93.2027 81.3717 88.3717 
116.459 114.983 90.0164 115.328 81.8206 
99.3922 53.9806 78.3067 101.776 79.7705 
83.6655 102.892 125.373 72.2632 103.951 
84.1082 104.503 124.047 67.9242 110.162 
94.4514 93.6988 53.964 87.482 89.3105 
103.245 102.517 83.7623 79.8346 95.5054 
141.064 89.9098 103.372 137.838 102.061 
67.7042 96.5581 118.636 81.6434 77.3343 
96.5511 145.169 135.567 107.166 72.8861 
76.1153 62.8372 92.8486 122.941 106.527 
127.307 96.1711 112.296 84.5902 77.3308 
109.331 73.6929 114.962 94.618 109.958 
124.782 65.9496 89.762 131.722 106.85 
116.399 93.2095 60.303 82.9636 98.1811 
134.562 88.7987 90.4393 96.2507 76.6701 
110.918 101.112 113.941 73.1217 81.3317 
76.7208 101.759 104.626 124.8 96.0067 
49.1435 47.6388 89.5046 92.9831 127.089 
100.603 127.16 111.165 97.7595 81.177 
79.1364 84.2325 105.417 99.2283 78.7091 
94.2211 111.78 82.1048 100.858 84.5494 
44.2573 88.9756 102.287 107.81 90.7617 
95.5468 103.859 76.5625 126.54 76.7061 
88.8934 95.7525 101.385 96.7819 84.7338 
83.3125 115.045 123.636 76.3013 86.3543 
102.139 79.4115 77.8077 101.053 127.036 
118.5 84.5346 84.533 86.2019 111.991 
88.6947 128.516 124.269 137.736 76.2174 
100.141 103.837 91.8741 103.013 133.823 
98.1209 134.696 90.5838 94.5226 111.552 
92.6492 120.444 105.986 71.7614 139.748 
91.0864 100.42 107.743 122.423 129.84 
72.6538 115.402 69.3023 68.5062 94.3196 
124.967 124.123 84.3507 70.5498 79.5137 
86.4633 96.6863 102.061 114.809 85.8819 
121.065 95.7131 97.5932 115.895 60.7057 
97.4638 89.4558 122.291 107.577 124.425 
118.069 82.9128 67.0158 128.266 116.471 
106.983 115.352 92.1996 53.9981 98.006 
90.3336 119.12 103.993 121.759 112.07 
138.549 84.4153 99.3363 93.243 101.893 
86.1708 98.9104 124.208 67.8583 123.935 
112.88 97.3763 94.9855 107.601 53.0015 
101.094 69.2971 108.822 93.1473 79.8071 
106.521 94.0686 109.03 64.6781 106.278 
88.7281 79.155 102.102 75.133 92.485 
63.9254 107.545 80.3287 118.537 113.865 
98.8193 104.132 99.7165 94.3591 121.24 
48.4499 111.15 105.312 99.1617 129.521 
75.9812 121.877 68.5112 115.945 113.924 
96.7441 106.634 86.4376 108.33 83.587 
122.471 96.737 117.817 79.6057 132.317 
123.795 99.8852 129.029 82.0625 70.5702 
125.996 108.161 125.827 75.3918 82.4085 
134.473 51.4424 110.376 122.636 116.881 
54.9291 99.0906 135.093 86.3267 95.906 
88.5871 119.494 92.3116 103.576 61.5021 
93.2558 81.9423 116.753 70.2231 80.4636 
126.993 115.051 123.029 107.016 98.1435 
146.235 109.476 119.947 123.394 139.749 
121.296 70.8346 131.438 123.142 76.114 
81.9909 111.708 119.562 90.3158 161.062 
112.323 84.1257 124.455 103.171 94.6484 
109.492 131.095 72.1627 127.312 110.845 
105.049 68.2955 77.9289 105.037 70.4205 
117.864 101.064 112.861 80.8724 96.8656 
145.469 122.501 85.2088 99.0202 105.511 
106.596 75.7104 95.828 110.193 107.029 
91.8522 139.014 90.3545 108.444 84.8593 
114.53 97.017 86.9308 135.408 99.614 
93.1818 94.8105 82.689 71.3946 94.1415 
77.2833 101.579 125.849 112.506 119.965 
130.713 95.8801 83.4568 93.1293 110.147 
108.77 89.5823 127.918 133.237 63.547 
53.379 108.773 133.314 130.981 79.6567 
111.998 79.1878 94.0248 68.515 90.5925 
134.292 112.966 122.208 115.003 102.59 
111.269 82.0948 86.8048 107.651 132.935 
90.8388 103.789 112.588 53.7784 55.2925 
131.9 102.891 76.9403 38.9215 81.1395 
116.973 84.071 73.1513 58.8847 99.6587 
73.8618 133.468 95.1234 130.815 111.923 
129.556 111.04 84.731 97.4495 95.8624 
118.632 92.4676 105.559 104.155 140.982 
78.1344 81.169 94.6931 68.0209 133.127 
92.3395 114.165 106.139 94.9315 172.557 
105.713 101.831 98.724 114.386 90.3853 
90.8095 97.9307 128.995 86.4034 75.7161 
84.1489 116.901 107.094 87.436 129.077 
122.088 49.9001 111.128 116.897 98.722 
102.825 70.1767 81.4952 111.678 79.1684 
69.0899 113.14 133.237 110.45 113.433 
128.477 49.4401 116.704 101.362 89.5155 
106.477 111.925 103.258 153.773 97.6814 
79.4307 81.4367 104.784 86.2569 95.2597 
93.8586 121.049 131.237 117.862 73.0497 
135.542 99.9205 106.133 103.511 74.2948 
78.5194 124.523 97.854 134.616 129.706 
114.016 87.7851 139.546 94.2097 92.2173 
119.156 105.926 109.923 89.4248 71.2168 
106.605 102.043 102.105 108.834 88.8218 
64.7839 101.307 104.635 117.785 96.5723 
124.904 110.514 104.343 63.1333 115.368 
99.6285 107.157 93.4463 70.1944 105.226 
94.2255 73.1173 140.906 102.971 113.055 
126.959 97.9719 107.58 34.7572 50.4019 
89.3188 92.1496 65.8293 130.577 94.6922 
68.5044 129.601 132.794 86.7606 62.7779 
119.94 109.547 74.8986 86.979 119.782 
67.5874 103.825 110.708 102.166 86.1508 
89.9152 78.3961 85.0636 118.81 76.4978 
85.9281 121.635 93.704 70.2301 108.216 
118.973 88.1552 82.4109 109.925 73.1914 
78.1896 84.115 60.8788 113.698 88.2802 
91.753 149.291 98.7202 102.635 72.2602 
112.443 103.979 124.079 147.293 133.233 
94.2335 137.667 123.126 108.573 80.3964 
97.4494 130.61 127.776 58.3578 98.3334 
96.0413 103.441 108.554 99.8926 81.168 
107.753 110.808 114.1 130.587 103.595 
106.369 98.4854 98.9956 95.0356 82.8263 
100.67 120.873 112.989 139.421 121.514 
134.748 123.368 95.1046 72.4223 111.944 
101.165 56.5772 100.394 93.3519 107.96 
115.166 105.879 93.3403 72.4476 106.783 
92.873 80.7677 84.1533 108.702 107.803 
99.0938 117.515 74.4099 97.5915 114.18 
118.984 77.8647 82.558 101.005 91.4916 
96.0764 144.01 132.169 78.2191 98.0432 
110.315 83.7578 50.6513 121.513 110.726 
101.341 103.754 100.922 115.139 120.439 
109.973 114.571 87.792 57.7573 141.708 
127.689 117.989 115.698 81.7013 109.814 
120.139 86.785 113.184 125.242 66.5284 
103.72 69.8798 105.247 92.0478 125.913 
81.1126 122.038 109.75 94.9968 60.6615 
107.741 91.5847 136.753 93.0007 101.63 
121.94 88.0495 81.3656 131.253 96.9742 
78.8068 84.1523 128.688 82.2927 108.349 
163.58 80.126 141.597 124.618 118.712 
110.207 91.2842 118.483 106.599 92.7099 
87.6977 114.836 96.4631 111.782 69.3195 
101.466 96.4751 82.1202 106.947 143.516 
104.23 115.765 86.6821 99.3957 113.49 
94.6146 82.1447 95.4275 62.9512 120.568 
99.4524 104.009 107.157 76.0418 69.9602 
89.6042 116.543 107.676 105.426 106.048 
101.999 112.804 72.7492 102.78 71.5445 
84.7131 101.531 78.7981 93.9662 89.1967 
97.8835 86.6743 111.631 99.0364 114.702 
101.17 77.4773 101.58 116.702 117.682 
112.354 89.5383 123.407 95.1803 75.7635 
84.3569 98.546 121.595 119.687 96.4689 
113.955 63.4366 118.872 94.2928 96.3467 
97.7407 106.593 99.9714 94.7115 80.8543 
115.744 104.56 85.6813 119.515 65.9858 
110.841 111.705 73.9715 123.571 107.072 
97.7145 111.845 102.798 114.326 82.2542 
83.5437 90.4097 90.1921 133.123 126.913 
90.5192 83.0243 69.9744 92.6014 81.1695 
57.5302 117.466 83.4435 76.9405 99.0157 
89.8065 121.257 128.262 102.256 111.234 
132.239 101.746 104.184 134.254 109.716 
119.954 92.7357 132.1 71.7047 75.7032 
98.5588 85.6871 102.991 100.834 89.8381 
88.6404 127.809 91.0395 95.452 95.3209 
134.716 123.159 119.475 119.642 93.4324 
96.9034 122.143 115.426 94.9173 116.74 
125.992 104.902 126.066 93.8214 98.5226 
93.1014 121.333 104.379 103.124 104.862 
83.357 93.6329 114.484 101.529 108.913 
126.517 87.3617 127.702 113.195 90.2274 
74.2034 85.4695 109.194 128.396 81.8213 
123.191 94.4319 100.714 107.779 94.1947 
87.1955 111.769 106.873 130.463 92.4586 
110.718 110.428 97.3771 116.045 98.5245 
78.035 130.17 81.7427 129.562 117.749 
89.2365 118.939 115.257 113.078 82.9966 
65.1136 85.5551 65.7067 93.662 95.0276 
83.8701 120.765 77.9412 78.4255 79.92 
103.444 88.9262 106.078 96.2647 127.42 
107.787 130.881 80.2541 97.5394 72.3225 
107.592 85.6467 98.9515 110.546 111.445 
96.5358 80.3268 97.0549 80.3759 81.5051 
95.9576 89.5082 81.0102 59.6047 141.894 
129.99 116.831 150.246 100.165 110.026 
90.2515 131.523 115.609 131.925 130.099 
91.3326 73.4529 122.634 103.546 94.6909 
76.2532 118.759 106.818 141.728 112.196 
76.8778 109.126 91.2368 78.2477 91.3937 
120.398 122.033 123.233 111.398 92.5323 
92.9541 140.66 84.2056 89.7456 65.1667 
88.4552 179.761 108.254 98.8775 75.7475 
122.259 87.1499 98.604 95.5817 96.3672 
74.5938 114.146 63.7722 116.418 135.999 
74.4943 101.756 84.5489 104.512 112.975 
89.6755 131.585 107.676 53.6748 133.808 
104.352 99.59 109.466 91.1299 100.884 
104.47 127.378 110.261 90.8188 94.3663 
49.1195 124.967 97.6103 98.4268 155.551 
133.637 89.4533 84.0843 83.7896 126.932 
85.5724 96.5811 69.4411 88.616 121.898 
137.759 83.1321 93.8022 73.9719 135.535 
68.5663 112.013 104.03 124.396 106.22 
81.6358 129.181 121.691 129.126 90.4125 
62.9185 90.3625 102.48 89.1332 129.219 
90.3558 78.544 103.571 118.421 103.175 
118.429 96.7961 90.8744 116.361 71.549 
127.283 51.514 110.735 100.985 92.2897 
147.545 112.154 112.823 104.23 134.094 
88.4892 89.8972 89.5622 120.267 130.331 
118.657 103.884 76.0061 130.12 98.4571 
108.854 124.091 53.2153 101.609 95.0695 
86.1433 83.2332 100.442 104.143 76.4744 
112.853 69.9568 134.638 81.5049 91.7295 
84.5186 101.828 84.8859 95.1105 106.412 
118.127 83.9416 116.911 130.092 111.711 
121.346 136.838 73.6024 104.636 101.578 
100.035 75.7553 87.1903 105.805 135.613 
82.0659 130.266 106.624 106.284 106.86 
53.0938 110.839 122.617 128.028 76.7559 
105.546 81.3444 72.2741 80.878 89.0534 
148.568 101.38 95.255 103.136 126.152 
92.2149 142.665 99.6919 77.2183 133.736 
113.542 79.4555 117.782 109.02 87.3497 
110.745 132.88 76.786 104.498 87.8593 
66.7616 118.457 86.8038 61.5199 119.6 
102.85 119.482 101.64 93.5272 117.514 
110.003 110.756 130.902 74.8095 121.123 
116.88 89.2764 107.451 114.659 136.783 
110.953 96.5277 103.058 86.2195 91.572 
82.8201 50.1576 105.571 148.704 107.354 
84.5984 125.473 80.998 132 89.0215 
128.606 93.086 113.834 114.573 92.9829 
91.9612 62.2873 69.4328 110.824 88.2887 
116.984 56.1357 99.0326 144.097 109.699 
104.201 87.3004 104.345 76.7225 74.0394 
127.532 101.261 80.8408 95.5042 116.229 
110.184 86.935 95.1895 78.0852 86.7592 
89.2883 97.3004 82.4384 109.48 124.869 
112.118 111.586 102.071 102.236 110.422 
124.919 118.403 60.2357 99.3002 95.1353 
98.7405 107.223 63.5409 87.9974 80.8334 
95.1333 113.799 117.298 103.855 67.327 
77.3185 85.7523 121.781 113.985 122.519 
111.171 111.142 109.274 114.433 94.2726 
106.244 108.311 135.063 105.519 93.908 
77.2101 118.56 105.46 99.1861 93.1197 
41.6951 89.5172 88.1478 82.5357 107.037 
84.5074 131.201 83.0955 101.836 104.008 
99.7834 83.4672 101.875 129.396 144.201 
119.322 66.0115 89.5606 98.2251 94.7685 
105.77 96.8953 124.232 64.4599 107.046 
57.1019 113.774 95.5941 138.924 88.6116 
106.396 58.9241 136.005 53.2579 111.218 
94.6484 84.3529 104.443 77.854 92.6423 
93.1307 111.521 133.791 73.1815 132.69 
89.4237 149.014 96.2082 98.6596 121.064 
66.2387 82.3524 107.07 97.8721 132.266 
154.16 108.369 56.4489 85.2336 119.822 
72.9197 104.166 94.2764 102.655 76.0274 
105.447 121.174 91.8126 128.493 138.054 
95.3696 99.5839 99.1512 97.9473 102.908 
131.158 127.38 106.099 92.0627 57.4988 
100.639 117.776 108.692 114.97 86.826 
111.807 98.879 108.523 91.954 94.9266 
90.755 96.2512 88.3179 118.874 64.505 
123.853 73.9411 71.6436 96.3729 88.935 
88.3984 113.05 96.0235 140.776 97.1777 
89.4449 81.4227 109.126 136.472 119.614 
82.0952 102.206 88.3291 113.879 72.6602 
64.1414 115.73 63.9299 76.7062 107.639 
94.0427 85.9049 100.724 107.465 77.8568 
85.7686 101.508 110.081 139.715 98.4303 
98.2106 108.092 101.732 115.753 101.333 
96.68 98.33 105.256 76.6498 76.6898 
84.8792 116.376 84.7127 116.599 91.1585 
107.363 118.131 126.813 150.761 49.3285 
103.335 119.452 101.051 111.124 97.8713 
93.9516 115.386 89.3523 91.8703 109.271 
86.8007 144.363 92.708 101.707 82.3257 
79.1478 111.491 103.008 110.568 106.28 
119.039 92.9656 86.1211 114.295 92.805 
80.0513 133.534 120.281 89.6416 119.115 
100.732 74.5942 105.413 85.2441 131.801 
103.953 55.5881 127.229 97.115 124.175 
123.369 79.3681 94.6113 102.359 103.7 
88.5367 76.7655 81.0805 111.14 54.9527 
108.235 112.844 78.4796 29.8728 56.0674 
106.292 82.2462 94.5827 68.9158 112.621 
100.554 83.2356 73.1872 63.6747 58.8972 
73.4584 99.0957 85.4282 122.392 105.221 
115.151 105.572 90.1847 85.8539 138.682 
69.8725 100.372 77.5321 97.9852 99.289 
91.1115 98.2888 94.0882 88.8992 113.479 
98.752 86.4205 128.053 105.739 113.526 
98.8062 120.236 75.0842 119.079 60.4551 
68.4496 101.947 132.535 110.676 85.3486 
107.711 95.7011 92.914 92.3069 68.2371 
103.007 98.3438 100.804 96.2841 90.1865 
80.1699 105.453 105 95.3288 112.719 
97.4863 130.996 79.6636 127.771 83.0708 
91.5557 82.3085 59.4588 103.603 89.9315 
83.3404 113.62 84.858 91.7624 117.901 
99.3627 73.689 77.8048 87.2909 126.6 
91.4139 116.434 89.508 97.6566 82.3722 
124.233 71.9484 52.764 95.2463 117.347 
106.898 96.2413 102.68 100.773 123.909 
107.009 63.3704 82.4446 97.0343 100.429 
92.5126 70.8091 92.873 95.4802 90.7779 
63.0189 81.0014 139.681 80.9198 74.7785 
90.4048 98.1564 157.569 127.683 111.258 
134.471 84.1444 96.8495 75.1465 57.8734 
98.2899 84.1774 125.094 98.1117 91.886 
121.373 54.5511 113.418 100.691 100.938 
